0.000000 0.397000 -0.233000 0.007000 -0.527000 -0.503000 -0.504000 -0.464000 
1.000000 0.397000 -0.233000 0.007000 -0.527000 -0.503000 -0.504000 -0.464000 
2.000000 0.397000 -0.233000 0.007000 -0.527000 -0.503000 -0.504000 -0.464000 
3.000000 0.397000 -0.233000 0.007000 -0.527000 -0.503000 -0.504000 -0.464000 
4.000000 0.397000 -0.233000 0.007000 -0.527000 -0.503000 -0.504000 -0.464000 
5.000000 0.397000 -0.233000 0.007000 -0.527000 -0.503000 -0.504000 -0.464000 
6.000000 0.397000 -0.233000 0.007000 -0.527000 -0.503000 -0.504000 -0.464000 
7.000000 0.397000 -0.233000 0.007000 -0.527000 -0.503000 -0.504000 -0.464000 
8.000000 0.397000 -0.233000 0.007000 -0.527000 -0.503000 -0.504000 -0.464000 
9.000000 0.397000 -0.233000 0.007000 -0.527000 -0.503000 -0.504000 -0.464000 
10.000000 0.397000 -0.233000 0.007000 -0.527000 -0.503000 -0.504000 -0.464000 
11.000000 0.397000 -0.233000 0.007000 -0.527000 -0.503000 -0.504000 -0.464000 
12.000000 0.397000 -0.233000 0.007000 -0.527000 -0.503000 -0.504000 -0.464000 
13.000000 0.397000 -0.233000 0.007000 -0.527000 -0.503000 -0.504000 -0.464000 
14.000000 0.397000 -0.233000 0.007000 -0.527000 -0.503000 -0.504000 -0.464000 
15.000000 0.397000 -0.233000 0.007000 -0.527000 -0.503000 -0.504000 -0.464000 
16.000000 0.397000 -0.233000 0.007000 -0.527000 -0.503000 -0.504000 -0.464000 
17.000000 0.397000 -0.233000 0.007000 -0.527000 -0.503000 -0.504000 -0.464000 
18.000000 0.397000 -0.233000 0.007000 -0.527000 -0.503000 -0.504000 -0.464000 
19.000000 0.397000 -0.233000 0.007000 -0.527000 -0.503000 -0.504000 -0.464000 
20.000000 0.397000 -0.233000 0.007000 -0.527000 -0.503000 -0.504000 -0.464000 
21.000000 0.397000 -0.233000 0.007000 -0.527000 -0.503000 -0.504000 -0.464000 
22.000000 0.397000 -0.233000 0.007000 -0.527000 -0.503000 -0.504000 -0.464000 
23.000000 0.397000 -0.233000 0.007000 -0.527000 -0.503000 -0.504000 -0.464000 
24.000000 0.397000 -0.233000 0.007000 -0.527000 -0.502000 -0.505000 -0.464000 
25.000000 0.397000 -0.233000 0.007000 -0.527000 -0.502000 -0.504000 -0.464000 
26.000000 0.396000 -0.233000 0.008000 -0.529000 -0.505000 -0.501000 -0.463000 
27.000000 0.396000 -0.233000 0.008000 -0.532000 -0.509000 -0.497000 -0.459000 
28.000000 0.396000 -0.233000 0.007000 -0.535000 -0.513000 -0.493000 -0.455000 
29.000000 0.396000 -0.233000 0.008000 -0.539000 -0.517000 -0.489000 -0.451000 
30.000000 0.396000 -0.233000 0.007000 -0.542000 -0.521000 -0.484000 -0.447000 
31.000000 0.396000 -0.233000 0.007000 -0.545000 -0.526000 -0.480000 -0.443000 
32.000000 0.396000 -0.233000 0.007000 -0.549000 -0.530000 -0.476000 -0.438000 
33.000000 0.396000 -0.233000 0.008000 -0.553000 -0.533000 -0.472000 -0.433000 
34.000000 0.396000 -0.233000 0.010000 -0.557000 -0.537000 -0.467000 -0.428000 
35.000000 0.396000 -0.234000 0.013000 -0.560000 -0.541000 -0.462000 -0.424000 
36.000000 0.395000 -0.234000 0.015000 -0.563000 -0.545000 -0.458000 -0.419000 
37.000000 0.395000 -0.234000 0.017000 -0.567000 -0.549000 -0.453000 -0.415000 
38.000000 0.395000 -0.234000 0.017000 -0.570000 -0.553000 -0.448000 -0.410000 
39.000000 0.395000 -0.234000 0.017000 -0.574000 -0.556000 -0.444000 -0.405000 
40.000000 0.395000 -0.234000 0.017000 -0.578000 -0.560000 -0.439000 -0.400000 
41.000000 0.395000 -0.234000 0.017000 -0.581000 -0.564000 -0.434000 -0.395000 
42.000000 0.395000 -0.234000 0.018000 -0.584000 -0.567000 -0.430000 -0.391000 
43.000000 0.395000 -0.234000 0.018000 -0.586000 -0.571000 -0.425000 -0.386000 
44.000000 0.395000 -0.234000 0.018000 -0.590000 -0.574000 -0.421000 -0.381000 
45.000000 0.395000 -0.234000 0.018000 -0.593000 -0.577000 -0.416000 -0.376000 
46.000000 0.395000 -0.234000 0.019000 -0.596000 -0.580000 -0.412000 -0.371000 
47.000000 0.395000 -0.234000 0.021000 -0.599000 -0.584000 -0.407000 -0.367000 
48.000000 0.395000 -0.234000 0.023000 -0.603000 -0.587000 -0.402000 -0.361000 
49.000000 0.395000 -0.234000 0.026000 -0.606000 -0.590000 -0.397000 -0.356000 
50.000000 0.395000 -0.234000 0.030000 -0.608000 -0.594000 -0.392000 -0.351000 
51.000000 0.395000 -0.234000 0.033000 -0.612000 -0.597000 -0.388000 -0.346000 
52.000000 0.395000 -0.234000 0.034000 -0.614000 -0.600000 -0.383000 -0.341000 
53.000000 0.395000 -0.234000 0.035000 -0.616000 -0.603000 -0.378000 -0.337000 
54.000000 0.395000 -0.234000 0.035000 -0.619000 -0.606000 -0.373000 -0.332000 
55.000000 0.395000 -0.234000 0.035000 -0.622000 -0.609000 -0.369000 -0.327000 
56.000000 0.395000 -0.234000 0.035000 -0.625000 -0.612000 -0.364000 -0.321000 
57.000000 0.394000 -0.234000 0.035000 -0.627000 -0.615000 -0.359000 -0.316000 
58.000000 0.394000 -0.233000 0.035000 -0.630000 -0.618000 -0.354000 -0.311000 
59.000000 0.394000 -0.233000 0.035000 -0.633000 -0.620000 -0.349000 -0.305000 
60.000000 0.394000 -0.233000 0.035000 -0.635000 -0.623000 -0.344000 -0.300000 
61.000000 0.394000 -0.233000 0.035000 -0.637000 -0.626000 -0.339000 -0.295000 
62.000000 0.394000 -0.233000 0.035000 -0.640000 -0.628000 -0.334000 -0.290000 
63.000000 0.394000 -0.233000 0.035000 -0.642000 -0.631000 -0.329000 -0.285000 
64.000000 0.393000 -0.233000 0.036000 -0.644000 -0.634000 -0.324000 -0.279000 
65.000000 0.393000 -0.233000 0.038000 -0.647000 -0.636000 -0.319000 -0.274000 
66.000000 0.393000 -0.233000 0.041000 -0.651000 -0.637000 -0.313000 -0.268000 
67.000000 0.394000 -0.233000 0.042000 -0.653000 -0.639000 -0.309000 -0.264000 
68.000000 0.394000 -0.233000 0.043000 -0.654000 -0.642000 -0.305000 -0.259000 
69.000000 0.395000 -0.232000 0.044000 -0.656000 -0.644000 -0.300000 -0.254000 
70.000000 0.395000 -0.232000 0.044000 -0.659000 -0.646000 -0.295000 -0.248000 
71.000000 0.395000 -0.232000 0.044000 -0.660000 -0.649000 -0.290000 -0.243000 
72.000000 0.395000 -0.232000 0.044000 -0.662000 -0.651000 -0.285000 -0.238000 
73.000000 0.395000 -0.232000 0.044000 -0.664000 -0.653000 -0.280000 -0.232000 
74.000000 0.395000 -0.232000 0.044000 -0.666000 -0.656000 -0.274000 -0.227000 
75.000000 0.395000 -0.232000 0.044000 -0.668000 -0.658000 -0.269000 -0.221000 
76.000000 0.395000 -0.232000 0.046000 -0.670000 -0.660000 -0.264000 -0.216000 
77.000000 0.394000 -0.232000 0.048000 -0.671000 -0.662000 -0.259000 -0.210000 
78.000000 0.395000 -0.231000 0.049000 -0.673000 -0.664000 -0.254000 -0.205000 
79.000000 0.394000 -0.232000 0.050000 -0.674000 -0.666000 -0.248000 -0.199000 
80.000000 0.394000 -0.232000 0.050000 -0.676000 -0.668000 -0.242000 -0.193000 
81.000000 0.394000 -0.231000 0.050000 -0.678000 -0.670000 -0.237000 -0.188000 
82.000000 0.394000 -0.231000 0.051000 -0.679000 -0.672000 -0.231000 -0.182000 
83.000000 0.394000 -0.231000 0.054000 -0.681000 -0.675000 -0.225000 -0.176000 
84.000000 0.394000 -0.231000 0.055000 -0.682000 -0.676000 -0.220000 -0.170000 
85.000000 0.394000 -0.231000 0.056000 -0.683000 -0.678000 -0.215000 -0.165000 
86.000000 0.394000 -0.231000 0.057000 -0.685000 -0.679000 -0.209000 -0.160000 
87.000000 0.394000 -0.231000 0.058000 -0.686000 -0.681000 -0.203000 -0.154000 
88.000000 0.394000 -0.231000 0.060000 -0.688000 -0.683000 -0.198000 -0.148000 
89.000000 0.394000 -0.231000 0.063000 -0.689000 -0.684000 -0.192000 -0.142000 
90.000000 0.394000 -0.231000 0.066000 -0.690000 -0.686000 -0.186000 -0.137000 
91.000000 0.393000 -0.231000 0.069000 -0.691000 -0.688000 -0.181000 -0.131000 
92.000000 0.393000 -0.231000 0.072000 -0.692000 -0.689000 -0.175000 -0.125000 
93.000000 0.393000 -0.231000 0.075000 -0.693000 -0.690000 -0.169000 -0.120000 
94.000000 0.393000 -0.231000 0.078000 -0.694000 -0.692000 -0.163000 -0.114000 
95.000000 0.392000 -0.232000 0.080000 -0.695000 -0.693000 -0.157000 -0.109000 
96.000000 0.392000 -0.232000 0.081000 -0.697000 -0.694000 -0.151000 -0.103000 
97.000000 0.392000 -0.232000 0.081000 -0.697000 -0.695000 -0.145000 -0.097000 
98.000000 0.393000 -0.232000 0.081000 -0.698000 -0.697000 -0.140000 -0.092000 
99.000000 0.393000 -0.231000 0.081000 -0.698000 -0.699000 -0.134000 -0.086000 
100.000000 0.393000 -0.231000 0.082000 -0.698000 -0.700000 -0.128000 -0.081000 
101.000000 0.393000 -0.232000 0.082000 -0.699000 -0.701000 -0.122000 -0.076000 
102.000000 0.394000 -0.233000 0.083000 -0.699000 -0.701000 -0.116000 -0.073000 
103.000000 0.394000 -0.233000 0.083000 -0.700000 -0.702000 -0.110000 -0.068000 
104.000000 0.394000 -0.233000 0.084000 -0.701000 -0.703000 -0.104000 -0.062000 
105.000000 0.393000 -0.233000 0.086000 -0.702000 -0.703000 -0.099000 -0.055000 
106.000000 0.393000 -0.233000 0.089000 -0.702000 -0.705000 -0.093000 -0.049000 
107.000000 0.393000 -0.233000 0.091000 -0.702000 -0.705000 -0.087000 -0.044000 
108.000000 0.394000 -0.233000 0.093000 -0.702000 -0.706000 -0.082000 -0.040000 
109.000000 0.394000 -0.233000 0.094000 -0.702000 -0.707000 -0.076000 -0.035000 
110.000000 0.394000 -0.233000 0.095000 -0.703000 -0.707000 -0.070000 -0.030000 
111.000000 0.394000 -0.234000 0.095000 -0.703000 -0.708000 -0.065000 -0.025000 
112.000000 0.394000 -0.233000 0.095000 -0.703000 -0.708000 -0.059000 -0.019000 
113.000000 0.394000 -0.234000 0.095000 -0.703000 -0.709000 -0.053000 -0.013000 
114.000000 0.394000 -0.234000 0.095000 -0.703000 -0.709000 -0.048000 -0.008000 
115.000000 0.394000 -0.234000 0.097000 -0.703000 -0.710000 -0.042000 -0.002000 
116.000000 0.394000 -0.234000 0.100000 -0.703000 -0.710000 -0.036000 0.004000 
117.000000 0.394000 -0.234000 0.103000 -0.703000 -0.711000 -0.030000 0.010000 
118.000000 0.394000 -0.234000 0.106000 -0.703000 -0.711000 -0.025000 0.015000 
119.000000 0.394000 -0.234000 0.109000 -0.703000 -0.711000 -0.019000 0.021000 
120.000000 0.394000 -0.234000 0.110000 -0.702000 -0.711000 -0.014000 0.026000 
121.000000 0.394000 -0.234000 0.111000 -0.702000 -0.711000 -0.009000 0.031000 
122.000000 0.395000 -0.234000 0.111000 -0.702000 -0.711000 -0.004000 0.037000 
123.000000 0.394000 -0.234000 0.111000 -0.702000 -0.711000 0.002000 0.043000 
124.000000 0.394000 -0.235000 0.111000 -0.702000 -0.710000 0.007000 0.048000 
125.000000 0.394000 -0.235000 0.111000 -0.702000 -0.710000 0.013000 0.054000 
126.000000 0.394000 -0.235000 0.112000 -0.701000 -0.710000 0.018000 0.060000 
127.000000 0.394000 -0.234000 0.113000 -0.701000 -0.710000 0.023000 0.066000 
128.000000 0.394000 -0.234000 0.116000 -0.700000 -0.710000 0.029000 0.071000 
129.000000 0.394000 -0.234000 0.119000 -0.699000 -0.710000 0.035000 0.077000 
130.000000 0.395000 -0.234000 0.120000 -0.699000 -0.710000 0.040000 0.082000 
131.000000 0.395000 -0.234000 0.121000 -0.698000 -0.710000 0.046000 0.088000 
132.000000 0.395000 -0.234000 0.121000 -0.697000 -0.709000 0.051000 0.093000 
133.000000 0.395000 -0.234000 0.121000 -0.696000 -0.709000 0.057000 0.099000 
134.000000 0.395000 -0.234000 0.121000 -0.696000 -0.708000 0.062000 0.104000 
135.000000 0.395000 -0.234000 0.121000 -0.695000 -0.708000 0.068000 0.110000 
136.000000 0.396000 -0.234000 0.121000 -0.694000 -0.708000 0.069000 0.111000 
137.000000 0.396000 -0.234000 0.121000 -0.694000 -0.708000 0.069000 0.111000 
138.000000 0.396000 -0.234000 0.121000 -0.694000 -0.708000 0.069000 0.111000 
139.000000 0.396000 -0.234000 0.121000 -0.694000 -0.708000 0.069000 0.111000 
140.000000 0.396000 -0.234000 0.121000 -0.694000 -0.708000 0.069000 0.111000 
141.000000 0.396000 -0.234000 0.121000 -0.694000 -0.708000 0.069000 0.111000 
142.000000 0.396000 -0.234000 0.121000 -0.694000 -0.708000 0.069000 0.111000 
143.000000 0.396000 -0.234000 0.121000 -0.694000 -0.708000 0.069000 0.111000 
144.000000 0.396000 -0.234000 0.121000 -0.694000 -0.708000 0.069000 0.111000 
145.000000 0.396000 -0.234000 0.121000 -0.694000 -0.708000 0.069000 0.111000 
146.000000 0.396000 -0.234000 0.121000 -0.694000 -0.708000 0.069000 0.111000 
147.000000 0.396000 -0.234000 0.121000 -0.694000 -0.708000 0.069000 0.111000 
148.000000 0.396000 -0.234000 0.121000 -0.694000 -0.708000 0.069000 0.111000 
149.000000 0.396000 -0.234000 0.121000 -0.694000 -0.708000 0.069000 0.111000 
150.000000 0.396000 -0.234000 0.121000 -0.694000 -0.708000 0.069000 0.111000 
151.000000 0.396000 -0.234000 0.121000 -0.694000 -0.708000 0.069000 0.111000 
152.000000 0.396000 -0.234000 0.121000 -0.694000 -0.708000 0.069000 0.111000 
153.000000 0.396000 -0.234000 0.121000 -0.694000 -0.708000 0.069000 0.111000 
154.000000 0.396000 -0.234000 0.121000 -0.694000 -0.708000 0.069000 0.111000 
155.000000 0.396000 -0.234000 0.121000 -0.694000 -0.708000 0.069000 0.111000 
156.000000 0.396000 -0.234000 0.121000 -0.694000 -0.708000 0.069000 0.111000 
157.000000 0.396000 -0.234000 0.121000 -0.694000 -0.708000 0.069000 0.111000 
158.000000 0.396000 -0.234000 0.121000 -0.694000 -0.708000 0.069000 0.111000 
159.000000 0.396000 -0.234000 0.121000 -0.694000 -0.708000 0.069000 0.111000 
160.000000 0.396000 -0.234000 0.121000 -0.694000 -0.708000 0.069000 0.111000 
161.000000 0.396000 -0.234000 0.121000 -0.694000 -0.708000 0.069000 0.111000 
162.000000 0.396000 -0.234000 0.121000 -0.694000 -0.708000 0.069000 0.111000 
163.000000 0.396000 -0.234000 0.121000 -0.694000 -0.708000 0.069000 0.111000 
