0.000000 0.397000 -0.233000 0.006000 -0.526000 -0.502000 -0.505000 -0.465000 
1.000000 0.397000 -0.233000 0.006000 -0.526000 -0.502000 -0.505000 -0.465000 
2.000000 0.397000 -0.233000 0.006000 -0.526000 -0.502000 -0.505000 -0.465000 
3.000000 0.397000 -0.233000 0.006000 -0.526000 -0.502000 -0.505000 -0.465000 
4.000000 0.397000 -0.233000 0.006000 -0.526000 -0.502000 -0.505000 -0.465000 
5.000000 0.397000 -0.233000 0.006000 -0.526000 -0.502000 -0.505000 -0.465000 
6.000000 0.397000 -0.233000 0.006000 -0.526000 -0.502000 -0.505000 -0.465000 
7.000000 0.397000 -0.233000 0.006000 -0.526000 -0.502000 -0.505000 -0.465000 
8.000000 0.397000 -0.233000 0.006000 -0.526000 -0.502000 -0.505000 -0.465000 
9.000000 0.397000 -0.233000 0.006000 -0.526000 -0.502000 -0.505000 -0.465000 
10.000000 0.397000 -0.233000 0.006000 -0.526000 -0.502000 -0.505000 -0.465000 
11.000000 0.397000 -0.233000 0.006000 -0.526000 -0.502000 -0.505000 -0.465000 
12.000000 0.397000 -0.233000 0.006000 -0.526000 -0.502000 -0.505000 -0.465000 
13.000000 0.397000 -0.233000 0.006000 -0.526000 -0.502000 -0.505000 -0.465000 
14.000000 0.397000 -0.233000 0.006000 -0.526000 -0.502000 -0.505000 -0.465000 
15.000000 0.397000 -0.233000 0.006000 -0.526000 -0.502000 -0.505000 -0.465000 
16.000000 0.397000 -0.233000 0.006000 -0.526000 -0.502000 -0.505000 -0.465000 
17.000000 0.397000 -0.233000 0.006000 -0.526000 -0.502000 -0.505000 -0.465000 
18.000000 0.397000 -0.233000 0.006000 -0.526000 -0.502000 -0.505000 -0.465000 
19.000000 0.397000 -0.232000 0.006000 -0.525000 -0.501000 -0.506000 -0.466000 
20.000000 0.397000 -0.232000 0.006000 -0.525000 -0.501000 -0.506000 -0.466000 
21.000000 0.397000 -0.233000 0.007000 -0.526000 -0.503000 -0.504000 -0.465000 
22.000000 0.397000 -0.233000 0.007000 -0.529000 -0.506000 -0.500000 -0.462000 
23.000000 0.397000 -0.233000 0.007000 -0.531000 -0.509000 -0.498000 -0.460000 
24.000000 0.396000 -0.233000 0.007000 -0.531000 -0.509000 -0.497000 -0.459000 
25.000000 0.396000 -0.233000 0.007000 -0.532000 -0.510000 -0.497000 -0.458000 
26.000000 0.396000 -0.233000 0.007000 -0.535000 -0.512000 -0.494000 -0.455000 
27.000000 0.396000 -0.233000 0.007000 -0.539000 -0.516000 -0.490000 -0.451000 
28.000000 0.396000 -0.233000 0.006000 -0.543000 -0.521000 -0.485000 -0.446000 
29.000000 0.396000 -0.233000 0.006000 -0.547000 -0.525000 -0.480000 -0.441000 
30.000000 0.396000 -0.233000 0.006000 -0.555000 -0.534000 -0.471000 -0.431000 
31.000000 0.396000 -0.233000 0.006000 -0.559000 -0.538000 -0.466000 -0.426000 
32.000000 0.396000 -0.233000 0.008000 -0.563000 -0.543000 -0.460000 -0.420000 
33.000000 0.395000 -0.234000 0.011000 -0.567000 -0.547000 -0.455000 -0.415000 
34.000000 0.395000 -0.234000 0.014000 -0.570000 -0.551000 -0.450000 -0.410000 
35.000000 0.395000 -0.234000 0.015000 -0.574000 -0.555000 -0.445000 -0.405000 
36.000000 0.395000 -0.234000 0.016000 -0.581000 -0.563000 -0.435000 -0.394000 
37.000000 0.395000 -0.234000 0.017000 -0.585000 -0.567000 -0.430000 -0.389000 
38.000000 0.395000 -0.234000 0.017000 -0.588000 -0.571000 -0.425000 -0.384000 
39.000000 0.395000 -0.234000 0.017000 -0.592000 -0.574000 -0.420000 -0.379000 
40.000000 0.395000 -0.234000 0.017000 -0.595000 -0.578000 -0.415000 -0.373000 
41.000000 0.395000 -0.234000 0.018000 -0.599000 -0.582000 -0.409000 -0.368000 
42.000000 0.395000 -0.234000 0.020000 -0.602000 -0.586000 -0.404000 -0.362000 
43.000000 0.395000 -0.234000 0.023000 -0.606000 -0.589000 -0.399000 -0.357000 
44.000000 0.395000 -0.234000 0.026000 -0.612000 -0.596000 -0.388000 -0.346000 
45.000000 0.395000 -0.234000 0.027000 -0.615000 -0.600000 -0.383000 -0.340000 
46.000000 0.395000 -0.234000 0.027000 -0.618000 -0.603000 -0.378000 -0.335000 
47.000000 0.395000 -0.234000 0.027000 -0.621000 -0.606000 -0.372000 -0.329000 
48.000000 0.395000 -0.234000 0.027000 -0.624000 -0.610000 -0.367000 -0.324000 
49.000000 0.395000 -0.234000 0.027000 -0.627000 -0.613000 -0.361000 -0.318000 
50.000000 0.394000 -0.233000 0.027000 -0.630000 -0.616000 -0.356000 -0.312000 
51.000000 0.394000 -0.234000 0.029000 -0.632000 -0.619000 -0.351000 -0.306000 
52.000000 0.394000 -0.234000 0.032000 -0.635000 -0.622000 -0.345000 -0.300000 
53.000000 0.394000 -0.234000 0.035000 -0.638000 -0.626000 -0.339000 -0.294000 
54.000000 0.394000 -0.234000 0.037000 -0.641000 -0.628000 -0.334000 -0.289000 
55.000000 0.394000 -0.233000 0.038000 -0.643000 -0.631000 -0.328000 -0.282000 
56.000000 0.394000 -0.233000 0.039000 -0.646000 -0.634000 -0.323000 -0.276000 
57.000000 0.394000 -0.233000 0.039000 -0.648000 -0.637000 -0.317000 -0.271000 
58.000000 0.394000 -0.232000 0.039000 -0.651000 -0.640000 -0.311000 -0.265000 
59.000000 0.394000 -0.232000 0.039000 -0.654000 -0.642000 -0.306000 -0.259000 
60.000000 0.394000 -0.232000 0.039000 -0.657000 -0.644000 -0.301000 -0.253000 
61.000000 0.394000 -0.232000 0.041000 -0.660000 -0.646000 -0.295000 -0.247000 
62.000000 0.395000 -0.232000 0.044000 -0.660000 -0.648000 -0.291000 -0.243000 
63.000000 0.395000 -0.232000 0.047000 -0.661000 -0.649000 -0.290000 -0.242000 
64.000000 0.395000 -0.233000 0.051000 -0.660000 -0.649000 -0.290000 -0.243000 
65.000000 0.396000 -0.233000 0.053000 -0.660000 -0.649000 -0.289000 -0.243000 
66.000000 0.395000 -0.232000 0.054000 -0.664000 -0.652000 -0.282000 -0.234000 
67.000000 0.395000 -0.232000 0.054000 -0.665000 -0.655000 -0.277000 -0.228000 
68.000000 0.395000 -0.232000 0.054000 -0.668000 -0.657000 -0.271000 -0.222000 
69.000000 0.395000 -0.232000 0.054000 -0.669000 -0.659000 -0.265000 -0.216000 
70.000000 0.395000 -0.231000 0.054000 -0.671000 -0.662000 -0.260000 -0.210000 
71.000000 0.395000 -0.231000 0.054000 -0.673000 -0.664000 -0.254000 -0.204000 
72.000000 0.394000 -0.231000 0.054000 -0.675000 -0.666000 -0.248000 -0.198000 
73.000000 0.395000 -0.231000 0.054000 -0.677000 -0.668000 -0.242000 -0.192000 
74.000000 0.394000 -0.231000 0.055000 -0.677000 -0.670000 -0.238000 -0.189000 
75.000000 0.394000 -0.232000 0.058000 -0.678000 -0.671000 -0.235000 -0.188000 
76.000000 0.394000 -0.232000 0.060000 -0.678000 -0.671000 -0.234000 -0.188000 
77.000000 0.394000 -0.233000 0.060000 -0.677000 -0.671000 -0.234000 -0.188000 
78.000000 0.394000 -0.233000 0.060000 -0.678000 -0.671000 -0.234000 -0.188000 
79.000000 0.394000 -0.232000 0.061000 -0.678000 -0.672000 -0.233000 -0.185000 
80.000000 0.394000 -0.231000 0.061000 -0.683000 -0.677000 -0.217000 -0.167000 
81.000000 0.394000 -0.231000 0.061000 -0.684000 -0.679000 -0.212000 -0.161000 
82.000000 0.394000 -0.231000 0.061000 -0.686000 -0.681000 -0.205000 -0.155000 
83.000000 0.394000 -0.231000 0.061000 -0.687000 -0.683000 -0.199000 -0.149000 
84.000000 0.394000 -0.231000 0.063000 -0.688000 -0.685000 -0.192000 -0.142000 
85.000000 0.394000 -0.231000 0.065000 -0.689000 -0.687000 -0.186000 -0.135000 
86.000000 0.394000 -0.231000 0.067000 -0.691000 -0.688000 -0.180000 -0.129000 
87.000000 0.394000 -0.231000 0.068000 -0.692000 -0.690000 -0.173000 -0.123000 
88.000000 0.394000 -0.231000 0.068000 -0.693000 -0.692000 -0.167000 -0.117000 
89.000000 0.393000 -0.231000 0.068000 -0.694000 -0.693000 -0.161000 -0.111000 
90.000000 0.393000 -0.231000 0.068000 -0.695000 -0.695000 -0.154000 -0.104000 
91.000000 0.393000 -0.232000 0.068000 -0.695000 -0.696000 -0.149000 -0.101000 
92.000000 0.394000 -0.231000 0.069000 -0.694000 -0.697000 -0.149000 -0.101000 
93.000000 0.394000 -0.231000 0.070000 -0.694000 -0.697000 -0.149000 -0.101000 
94.000000 0.394000 -0.231000 0.073000 -0.694000 -0.697000 -0.149000 -0.100000 
95.000000 0.394000 -0.231000 0.076000 -0.694000 -0.697000 -0.149000 -0.100000 
96.000000 0.394000 -0.231000 0.080000 -0.694000 -0.697000 -0.149000 -0.100000 
97.000000 0.393000 -0.233000 0.084000 -0.695000 -0.698000 -0.141000 -0.096000 
98.000000 0.392000 -0.234000 0.084000 -0.698000 -0.697000 -0.134000 -0.091000 
99.000000 0.393000 -0.234000 0.085000 -0.699000 -0.699000 -0.128000 -0.085000 
100.000000 0.393000 -0.233000 0.085000 -0.699000 -0.701000 -0.122000 -0.080000 
101.000000 0.394000 -0.233000 0.086000 -0.697000 -0.703000 -0.120000 -0.077000 
102.000000 0.395000 -0.233000 0.086000 -0.698000 -0.702000 -0.120000 -0.077000 
103.000000 0.394000 -0.232000 0.086000 -0.698000 -0.702000 -0.120000 -0.076000 
104.000000 0.394000 -0.231000 0.087000 -0.698000 -0.703000 -0.120000 -0.073000 
105.000000 0.393000 -0.231000 0.090000 -0.698000 -0.703000 -0.120000 -0.072000 
106.000000 0.393000 -0.232000 0.091000 -0.698000 -0.703000 -0.117000 -0.071000 
107.000000 0.394000 -0.232000 0.093000 -0.699000 -0.703000 -0.112000 -0.068000 
108.000000 0.394000 -0.233000 0.094000 -0.700000 -0.704000 -0.106000 -0.063000 
109.000000 0.394000 -0.233000 0.094000 -0.700000 -0.705000 -0.100000 -0.057000 
110.000000 0.395000 -0.233000 0.095000 -0.700000 -0.706000 -0.092000 -0.050000 
111.000000 0.395000 -0.233000 0.095000 -0.700000 -0.706000 -0.092000 -0.050000 
112.000000 0.395000 -0.233000 0.097000 -0.700000 -0.706000 -0.091000 -0.049000 
113.000000 0.394000 -0.233000 0.099000 -0.700000 -0.706000 -0.091000 -0.048000 
114.000000 0.394000 -0.233000 0.101000 -0.701000 -0.707000 -0.087000 -0.045000 
115.000000 0.394000 -0.233000 0.102000 -0.701000 -0.707000 -0.081000 -0.040000 
116.000000 0.394000 -0.233000 0.103000 -0.701000 -0.708000 -0.075000 -0.034000 
117.000000 0.394000 -0.233000 0.103000 -0.702000 -0.709000 -0.069000 -0.028000 
118.000000 0.394000 -0.233000 0.103000 -0.702000 -0.709000 -0.063000 -0.021000 
119.000000 0.393000 -0.234000 0.103000 -0.705000 -0.707000 -0.056000 -0.014000 
120.000000 0.394000 -0.233000 0.103000 -0.702000 -0.710000 -0.051000 -0.010000 
121.000000 0.395000 -0.233000 0.103000 -0.702000 -0.710000 -0.050000 -0.009000 
122.000000 0.395000 -0.233000 0.103000 -0.702000 -0.710000 -0.051000 -0.008000 
123.000000 0.395000 -0.233000 0.103000 -0.702000 -0.710000 -0.051000 -0.008000 
124.000000 0.395000 -0.233000 0.103000 -0.702000 -0.710000 -0.051000 -0.008000 
125.000000 0.395000 -0.233000 0.103000 -0.702000 -0.711000 -0.049000 -0.008000 
126.000000 0.396000 -0.233000 0.103000 -0.702000 -0.710000 -0.049000 -0.007000 
127.000000 0.396000 -0.233000 0.103000 -0.702000 -0.710000 -0.050000 -0.007000 
128.000000 0.395000 -0.233000 0.105000 -0.701000 -0.711000 -0.049000 -0.007000 
129.000000 0.395000 -0.233000 0.107000 -0.702000 -0.711000 -0.049000 -0.007000 
130.000000 0.395000 -0.233000 0.110000 -0.702000 -0.711000 -0.049000 -0.006000 
131.000000 0.396000 -0.233000 0.111000 -0.701000 -0.711000 -0.050000 -0.006000 
132.000000 0.396000 -0.233000 0.111000 -0.701000 -0.711000 -0.050000 -0.006000 
133.000000 0.395000 -0.233000 0.112000 -0.701000 -0.711000 -0.047000 -0.004000 
134.000000 0.394000 -0.234000 0.112000 -0.703000 -0.710000 -0.042000 0.001000 
135.000000 0.394000 -0.234000 0.112000 -0.703000 -0.710000 -0.037000 0.007000 
136.000000 0.394000 -0.234000 0.112000 -0.703000 -0.711000 -0.031000 0.013000 
137.000000 0.395000 -0.233000 0.112000 -0.702000 -0.712000 -0.025000 0.019000 
138.000000 0.395000 -0.233000 0.112000 -0.701000 -0.712000 -0.019000 0.025000 
139.000000 0.395000 -0.233000 0.112000 -0.701000 -0.712000 -0.013000 0.030000 
140.000000 0.395000 -0.234000 0.112000 -0.701000 -0.712000 -0.012000 0.032000 
141.000000 0.395000 -0.234000 0.112000 -0.701000 -0.712000 -0.011000 0.032000 
142.000000 0.395000 -0.234000 0.112000 -0.701000 -0.712000 -0.011000 0.032000 
143.000000 0.395000 -0.234000 0.112000 -0.701000 -0.712000 -0.011000 0.032000 
144.000000 0.395000 -0.234000 0.112000 -0.701000 -0.712000 -0.011000 0.032000 
145.000000 0.395000 -0.234000 0.112000 -0.701000 -0.712000 -0.011000 0.032000 
146.000000 0.395000 -0.234000 0.112000 -0.701000 -0.712000 -0.011000 0.032000 
147.000000 0.395000 -0.234000 0.112000 -0.701000 -0.712000 -0.011000 0.032000 
148.000000 0.395000 -0.234000 0.112000 -0.701000 -0.712000 -0.011000 0.032000 
149.000000 0.395000 -0.234000 0.112000 -0.701000 -0.712000 -0.011000 0.032000 
150.000000 0.395000 -0.234000 0.112000 -0.701000 -0.712000 -0.011000 0.032000 
151.000000 0.395000 -0.234000 0.112000 -0.701000 -0.712000 -0.011000 0.032000 
152.000000 0.395000 -0.234000 0.112000 -0.701000 -0.712000 -0.011000 0.032000 
153.000000 0.395000 -0.234000 0.112000 -0.701000 -0.712000 -0.011000 0.032000 
154.000000 0.395000 -0.234000 0.112000 -0.701000 -0.712000 -0.011000 0.032000 
155.000000 0.395000 -0.234000 0.112000 -0.701000 -0.712000 -0.011000 0.032000 
156.000000 0.395000 -0.234000 0.112000 -0.701000 -0.712000 -0.011000 0.032000 
157.000000 0.395000 -0.234000 0.112000 -0.701000 -0.712000 -0.011000 0.032000 
158.000000 0.395000 -0.234000 0.112000 -0.701000 -0.712000 -0.011000 0.032000 
159.000000 0.395000 -0.234000 0.112000 -0.701000 -0.712000 -0.011000 0.032000 
160.000000 0.395000 -0.234000 0.112000 -0.701000 -0.712000 -0.011000 0.032000 
161.000000 0.395000 -0.234000 0.112000 -0.701000 -0.712000 -0.011000 0.032000 
162.000000 0.395000 -0.234000 0.112000 -0.701000 -0.712000 -0.011000 0.032000 
163.000000 0.395000 -0.234000 0.112000 -0.701000 -0.712000 -0.011000 0.032000 
