0.000000 0.397000 -0.232000 0.006000 -0.527000 -0.501000 -0.506000 -0.465000 
1.000000 0.397000 -0.232000 0.006000 -0.527000 -0.501000 -0.506000 -0.465000 
2.000000 0.397000 -0.232000 0.006000 -0.527000 -0.501000 -0.506000 -0.465000 
3.000000 0.397000 -0.232000 0.006000 -0.527000 -0.501000 -0.506000 -0.465000 
4.000000 0.397000 -0.232000 0.006000 -0.527000 -0.501000 -0.506000 -0.465000 
5.000000 0.397000 -0.232000 0.006000 -0.527000 -0.501000 -0.506000 -0.465000 
6.000000 0.397000 -0.232000 0.006000 -0.527000 -0.501000 -0.506000 -0.465000 
7.000000 0.397000 -0.232000 0.006000 -0.527000 -0.501000 -0.506000 -0.465000 
8.000000 0.397000 -0.232000 0.006000 -0.527000 -0.501000 -0.506000 -0.465000 
9.000000 0.397000 -0.232000 0.006000 -0.527000 -0.501000 -0.506000 -0.465000 
10.000000 0.397000 -0.232000 0.006000 -0.527000 -0.501000 -0.506000 -0.465000 
11.000000 0.397000 -0.232000 0.006000 -0.527000 -0.501000 -0.506000 -0.465000 
12.000000 0.397000 -0.232000 0.006000 -0.527000 -0.501000 -0.506000 -0.465000 
13.000000 0.397000 -0.232000 0.006000 -0.527000 -0.501000 -0.506000 -0.465000 
14.000000 0.397000 -0.232000 0.006000 -0.527000 -0.501000 -0.506000 -0.465000 
15.000000 0.397000 -0.232000 0.006000 -0.527000 -0.501000 -0.506000 -0.465000 
16.000000 0.397000 -0.232000 0.006000 -0.527000 -0.501000 -0.506000 -0.465000 
17.000000 0.397000 -0.232000 0.006000 -0.527000 -0.501000 -0.506000 -0.465000 
18.000000 0.397000 -0.232000 0.006000 -0.527000 -0.501000 -0.506000 -0.465000 
19.000000 0.397000 -0.232000 0.006000 -0.527000 -0.501000 -0.506000 -0.465000 
20.000000 0.397000 -0.232000 0.006000 -0.527000 -0.501000 -0.506000 -0.465000 
21.000000 0.397000 -0.232000 0.006000 -0.527000 -0.501000 -0.506000 -0.465000 
22.000000 0.397000 -0.232000 0.006000 -0.527000 -0.501000 -0.506000 -0.465000 
23.000000 0.397000 -0.232000 0.006000 -0.525000 -0.500000 -0.508000 -0.466000 
24.000000 0.397000 -0.232000 0.006000 -0.525000 -0.499000 -0.508000 -0.467000 
25.000000 0.397000 -0.232000 0.007000 -0.525000 -0.500000 -0.507000 -0.466000 
26.000000 0.397000 -0.233000 0.007000 -0.527000 -0.503000 -0.504000 -0.464000 
27.000000 0.396000 -0.233000 0.007000 -0.531000 -0.510000 -0.497000 -0.459000 
28.000000 0.396000 -0.232000 0.007000 -0.531000 -0.510000 -0.497000 -0.459000 
29.000000 0.396000 -0.233000 0.007000 -0.532000 -0.510000 -0.496000 -0.458000 
30.000000 0.396000 -0.233000 0.007000 -0.535000 -0.513000 -0.493000 -0.455000 
31.000000 0.396000 -0.233000 0.007000 -0.538000 -0.516000 -0.490000 -0.452000 
32.000000 0.396000 -0.233000 0.007000 -0.541000 -0.520000 -0.486000 -0.448000 
33.000000 0.396000 -0.233000 0.007000 -0.547000 -0.527000 -0.479000 -0.441000 
34.000000 0.396000 -0.233000 0.007000 -0.556000 -0.537000 -0.468000 -0.428000 
35.000000 0.396000 -0.233000 0.008000 -0.560000 -0.540000 -0.464000 -0.424000 
36.000000 0.396000 -0.233000 0.009000 -0.563000 -0.544000 -0.460000 -0.420000 
37.000000 0.395000 -0.233000 0.011000 -0.565000 -0.547000 -0.456000 -0.416000 
38.000000 0.395000 -0.233000 0.015000 -0.571000 -0.554000 -0.448000 -0.409000 
39.000000 0.395000 -0.233000 0.015000 -0.574000 -0.556000 -0.444000 -0.404000 
40.000000 0.395000 -0.233000 0.015000 -0.577000 -0.559000 -0.440000 -0.400000 
41.000000 0.395000 -0.233000 0.015000 -0.580000 -0.562000 -0.437000 -0.396000 
42.000000 0.395000 -0.233000 0.015000 -0.582000 -0.566000 -0.433000 -0.392000 
43.000000 0.395000 -0.233000 0.015000 -0.585000 -0.569000 -0.429000 -0.388000 
44.000000 0.395000 -0.233000 0.015000 -0.593000 -0.577000 -0.417000 -0.376000 
45.000000 0.395000 -0.233000 0.016000 -0.596000 -0.580000 -0.413000 -0.372000 
46.000000 0.395000 -0.233000 0.018000 -0.599000 -0.583000 -0.409000 -0.367000 
47.000000 0.395000 -0.234000 0.023000 -0.604000 -0.588000 -0.401000 -0.359000 
48.000000 0.395000 -0.234000 0.024000 -0.606000 -0.591000 -0.397000 -0.355000 
49.000000 0.395000 -0.233000 0.025000 -0.608000 -0.594000 -0.393000 -0.351000 
50.000000 0.395000 -0.233000 0.025000 -0.610000 -0.597000 -0.388000 -0.347000 
51.000000 0.395000 -0.233000 0.025000 -0.613000 -0.599000 -0.384000 -0.342000 
52.000000 0.395000 -0.233000 0.025000 -0.616000 -0.602000 -0.380000 -0.338000 
53.000000 0.395000 -0.233000 0.025000 -0.620000 -0.607000 -0.372000 -0.329000 
54.000000 0.395000 -0.233000 0.026000 -0.622000 -0.610000 -0.367000 -0.325000 
55.000000 0.395000 -0.234000 0.028000 -0.625000 -0.612000 -0.363000 -0.320000 
56.000000 0.395000 -0.233000 0.031000 -0.627000 -0.615000 -0.359000 -0.315000 
57.000000 0.395000 -0.233000 0.034000 -0.629000 -0.617000 -0.355000 -0.311000 
58.000000 0.395000 -0.233000 0.039000 -0.633000 -0.623000 -0.346000 -0.302000 
59.000000 0.395000 -0.233000 0.041000 -0.636000 -0.624000 -0.342000 -0.297000 
60.000000 0.394000 -0.232000 0.043000 -0.640000 -0.630000 -0.334000 -0.288000 
61.000000 0.394000 -0.232000 0.043000 -0.642000 -0.632000 -0.329000 -0.283000 
62.000000 0.394000 -0.232000 0.043000 -0.644000 -0.634000 -0.325000 -0.279000 
63.000000 0.394000 -0.232000 0.043000 -0.646000 -0.636000 -0.321000 -0.274000 
64.000000 0.394000 -0.232000 0.043000 -0.648000 -0.638000 -0.316000 -0.269000 
65.000000 0.394000 -0.232000 0.044000 -0.652000 -0.639000 -0.311000 -0.265000 
66.000000 0.394000 -0.233000 0.046000 -0.654000 -0.641000 -0.307000 -0.260000 
67.000000 0.394000 -0.232000 0.048000 -0.656000 -0.642000 -0.303000 -0.256000 
68.000000 0.394000 -0.232000 0.054000 -0.659000 -0.647000 -0.295000 -0.246000 
69.000000 0.395000 -0.231000 0.057000 -0.661000 -0.649000 -0.290000 -0.241000 
70.000000 0.395000 -0.231000 0.059000 -0.662000 -0.651000 -0.286000 -0.237000 
71.000000 0.395000 -0.231000 0.059000 -0.664000 -0.653000 -0.281000 -0.233000 
72.000000 0.395000 -0.231000 0.060000 -0.665000 -0.655000 -0.277000 -0.228000 
73.000000 0.395000 -0.231000 0.060000 -0.667000 -0.657000 -0.272000 -0.223000 
74.000000 0.395000 -0.231000 0.060000 -0.670000 -0.661000 -0.263000 -0.214000 
75.000000 0.395000 -0.231000 0.060000 -0.671000 -0.662000 -0.259000 -0.209000 
76.000000 0.395000 -0.231000 0.060000 -0.673000 -0.664000 -0.254000 -0.204000 
77.000000 0.395000 -0.231000 0.061000 -0.675000 -0.666000 -0.249000 -0.199000 
78.000000 0.395000 -0.231000 0.063000 -0.676000 -0.667000 -0.245000 -0.194000 
79.000000 0.395000 -0.231000 0.066000 -0.677000 -0.669000 -0.240000 -0.189000 
80.000000 0.394000 -0.231000 0.069000 -0.678000 -0.671000 -0.235000 -0.184000 
81.000000 0.394000 -0.230000 0.071000 -0.679000 -0.673000 -0.230000 -0.180000 
82.000000 0.394000 -0.231000 0.074000 -0.681000 -0.675000 -0.226000 -0.175000 
83.000000 0.394000 -0.231000 0.075000 -0.682000 -0.676000 -0.221000 -0.170000 
84.000000 0.394000 -0.231000 0.076000 -0.683000 -0.678000 -0.216000 -0.166000 
85.000000 0.395000 -0.231000 0.076000 -0.684000 -0.679000 -0.211000 -0.161000 
86.000000 0.394000 -0.230000 0.076000 -0.686000 -0.682000 -0.202000 -0.151000 
87.000000 0.394000 -0.231000 0.076000 -0.688000 -0.685000 -0.192000 -0.141000 
88.000000 0.394000 -0.230000 0.076000 -0.689000 -0.687000 -0.187000 -0.136000 
89.000000 0.394000 -0.231000 0.077000 -0.691000 -0.687000 -0.182000 -0.131000 
90.000000 0.394000 -0.230000 0.079000 -0.691000 -0.689000 -0.177000 -0.126000 
91.000000 0.394000 -0.230000 0.081000 -0.692000 -0.690000 -0.172000 -0.121000 
92.000000 0.393000 -0.232000 0.085000 -0.695000 -0.692000 -0.161000 -0.111000 
93.000000 0.393000 -0.232000 0.085000 -0.696000 -0.693000 -0.156000 -0.107000 
94.000000 0.393000 -0.232000 0.086000 -0.696000 -0.694000 -0.151000 -0.102000 
95.000000 0.393000 -0.231000 0.086000 -0.697000 -0.696000 -0.146000 -0.097000 
96.000000 0.393000 -0.231000 0.086000 -0.697000 -0.697000 -0.141000 -0.092000 
97.000000 0.393000 -0.230000 0.086000 -0.697000 -0.698000 -0.136000 -0.087000 
98.000000 0.393000 -0.231000 0.086000 -0.698000 -0.699000 -0.131000 -0.082000 
99.000000 0.393000 -0.232000 0.087000 -0.699000 -0.700000 -0.125000 -0.079000 
100.000000 0.393000 -0.232000 0.089000 -0.699000 -0.701000 -0.119000 -0.075000 
101.000000 0.394000 -0.232000 0.092000 -0.699000 -0.701000 -0.117000 -0.073000 
102.000000 0.393000 -0.232000 0.095000 -0.699000 -0.701000 -0.117000 -0.071000 
103.000000 0.393000 -0.231000 0.097000 -0.699000 -0.702000 -0.118000 -0.070000 
104.000000 0.393000 -0.231000 0.100000 -0.699000 -0.702000 -0.118000 -0.070000 
105.000000 0.393000 -0.231000 0.105000 -0.699000 -0.702000 -0.118000 -0.069000 
106.000000 0.394000 -0.231000 0.106000 -0.699000 -0.702000 -0.116000 -0.070000 
107.000000 0.394000 -0.232000 0.108000 -0.700000 -0.702000 -0.112000 -0.068000 
108.000000 0.394000 -0.233000 0.108000 -0.700000 -0.703000 -0.107000 -0.064000 
109.000000 0.394000 -0.233000 0.109000 -0.701000 -0.705000 -0.093000 -0.050000 
110.000000 0.395000 -0.233000 0.109000 -0.702000 -0.706000 -0.083000 -0.040000 
111.000000 0.395000 -0.233000 0.109000 -0.702000 -0.707000 -0.078000 -0.036000 
112.000000 0.394000 -0.233000 0.109000 -0.702000 -0.708000 -0.073000 -0.031000 
113.000000 0.395000 -0.233000 0.109000 -0.702000 -0.708000 -0.068000 -0.026000 
114.000000 0.395000 -0.233000 0.109000 -0.702000 -0.709000 -0.064000 -0.022000 
115.000000 0.395000 -0.233000 0.109000 -0.702000 -0.709000 -0.064000 -0.021000 
116.000000 0.395000 -0.233000 0.110000 -0.702000 -0.709000 -0.063000 -0.020000 
117.000000 0.395000 -0.233000 0.113000 -0.702000 -0.709000 -0.063000 -0.020000 
118.000000 0.395000 -0.233000 0.115000 -0.702000 -0.709000 -0.063000 -0.020000 
119.000000 0.395000 -0.233000 0.119000 -0.702000 -0.709000 -0.062000 -0.018000 
120.000000 0.394000 -0.233000 0.120000 -0.703000 -0.709000 -0.058000 -0.014000 
121.000000 0.394000 -0.234000 0.121000 -0.704000 -0.709000 -0.054000 -0.010000 
122.000000 0.395000 -0.233000 0.121000 -0.703000 -0.709000 -0.050000 -0.005000 
123.000000 0.395000 -0.233000 0.121000 -0.703000 -0.710000 -0.045000 0.000000 
124.000000 0.395000 -0.233000 0.121000 -0.703000 -0.710000 -0.042000 0.002000 
125.000000 0.396000 -0.233000 0.121000 -0.703000 -0.710000 -0.042000 0.002000 
126.000000 0.395000 -0.233000 0.126000 -0.703000 -0.710000 -0.040000 0.004000 
127.000000 0.395000 -0.233000 0.130000 -0.703000 -0.710000 -0.039000 0.004000 
128.000000 0.395000 -0.234000 0.131000 -0.703000 -0.710000 -0.037000 0.006000 
129.000000 0.395000 -0.234000 0.132000 -0.703000 -0.711000 -0.034000 0.009000 
130.000000 0.395000 -0.234000 0.132000 -0.702000 -0.711000 -0.030000 0.014000 
131.000000 0.395000 -0.234000 0.133000 -0.703000 -0.711000 -0.025000 0.018000 
132.000000 0.395000 -0.233000 0.133000 -0.703000 -0.711000 -0.021000 0.023000 
133.000000 0.395000 -0.233000 0.133000 -0.702000 -0.711000 -0.016000 0.029000 
134.000000 0.395000 -0.233000 0.133000 -0.702000 -0.711000 -0.011000 0.034000 
135.000000 0.395000 -0.233000 0.133000 -0.702000 -0.712000 -0.006000 0.039000 
136.000000 0.395000 -0.233000 0.133000 -0.701000 -0.712000 -0.001000 0.043000 
137.000000 0.395000 -0.233000 0.133000 -0.701000 -0.712000 0.004000 0.048000 
138.000000 0.395000 -0.233000 0.133000 -0.701000 -0.711000 0.009000 0.053000 
139.000000 0.395000 -0.233000 0.133000 -0.700000 -0.711000 0.014000 0.058000 
140.000000 0.395000 -0.233000 0.133000 -0.700000 -0.711000 0.018000 0.062000 
141.000000 0.395000 -0.233000 0.132000 -0.700000 -0.711000 0.020000 0.064000 
142.000000 0.396000 -0.233000 0.132000 -0.700000 -0.711000 0.020000 0.065000 
143.000000 0.396000 -0.233000 0.133000 -0.700000 -0.711000 0.020000 0.064000 
144.000000 0.396000 -0.233000 0.133000 -0.700000 -0.711000 0.020000 0.064000 
145.000000 0.396000 -0.233000 0.133000 -0.700000 -0.711000 0.020000 0.064000 
146.000000 0.396000 -0.233000 0.132000 -0.700000 -0.711000 0.021000 0.064000 
147.000000 0.396000 -0.233000 0.132000 -0.700000 -0.711000 0.021000 0.064000 
148.000000 0.396000 -0.233000 0.132000 -0.700000 -0.711000 0.021000 0.064000 
149.000000 0.396000 -0.233000 0.132000 -0.700000 -0.711000 0.021000 0.064000 
150.000000 0.396000 -0.233000 0.132000 -0.700000 -0.711000 0.021000 0.064000 
151.000000 0.396000 -0.233000 0.132000 -0.700000 -0.711000 0.021000 0.064000 
152.000000 0.396000 -0.233000 0.132000 -0.700000 -0.711000 0.021000 0.064000 
153.000000 0.396000 -0.233000 0.132000 -0.700000 -0.711000 0.021000 0.064000 
154.000000 0.396000 -0.233000 0.132000 -0.700000 -0.711000 0.021000 0.064000 
155.000000 0.396000 -0.233000 0.132000 -0.700000 -0.711000 0.021000 0.064000 
156.000000 0.396000 -0.233000 0.132000 -0.700000 -0.711000 0.021000 0.064000 
157.000000 0.396000 -0.233000 0.132000 -0.700000 -0.711000 0.021000 0.064000 
158.000000 0.396000 -0.233000 0.132000 -0.700000 -0.711000 0.021000 0.064000 
159.000000 0.396000 -0.233000 0.132000 -0.700000 -0.711000 0.021000 0.064000 
160.000000 0.396000 -0.233000 0.132000 -0.700000 -0.711000 0.021000 0.064000 
161.000000 0.396000 -0.233000 0.132000 -0.700000 -0.711000 0.021000 0.064000 
162.000000 0.396000 -0.233000 0.132000 -0.700000 -0.711000 0.021000 0.064000 
163.000000 0.396000 -0.233000 0.132000 -0.700000 -0.711000 0.021000 0.064000 
