0.000000 0.397000 -0.233000 0.006000 -0.526000 -0.502000 -0.505000 -0.465000 
1.000000 0.397000 -0.233000 0.006000 -0.526000 -0.502000 -0.505000 -0.465000 
2.000000 0.397000 -0.233000 0.006000 -0.526000 -0.502000 -0.505000 -0.465000 
3.000000 0.397000 -0.233000 0.006000 -0.526000 -0.502000 -0.505000 -0.465000 
4.000000 0.397000 -0.233000 0.006000 -0.526000 -0.502000 -0.505000 -0.465000 
5.000000 0.397000 -0.233000 0.006000 -0.526000 -0.502000 -0.505000 -0.465000 
6.000000 0.397000 -0.233000 0.006000 -0.526000 -0.502000 -0.505000 -0.465000 
7.000000 0.397000 -0.233000 0.006000 -0.526000 -0.502000 -0.505000 -0.465000 
8.000000 0.397000 -0.233000 0.006000 -0.526000 -0.502000 -0.505000 -0.465000 
9.000000 0.397000 -0.233000 0.006000 -0.526000 -0.502000 -0.505000 -0.465000 
10.000000 0.397000 -0.233000 0.006000 -0.526000 -0.502000 -0.505000 -0.465000 
11.000000 0.397000 -0.233000 0.006000 -0.526000 -0.502000 -0.505000 -0.465000 
12.000000 0.397000 -0.233000 0.006000 -0.526000 -0.502000 -0.505000 -0.465000 
13.000000 0.397000 -0.233000 0.006000 -0.526000 -0.502000 -0.505000 -0.465000 
14.000000 0.397000 -0.233000 0.006000 -0.526000 -0.502000 -0.505000 -0.465000 
15.000000 0.397000 -0.233000 0.006000 -0.526000 -0.502000 -0.505000 -0.465000 
16.000000 0.397000 -0.233000 0.006000 -0.526000 -0.502000 -0.505000 -0.465000 
17.000000 0.397000 -0.233000 0.006000 -0.526000 -0.502000 -0.505000 -0.465000 
18.000000 0.397000 -0.233000 0.006000 -0.526000 -0.502000 -0.505000 -0.465000 
19.000000 0.397000 -0.233000 0.006000 -0.526000 -0.502000 -0.505000 -0.465000 
20.000000 0.397000 -0.233000 0.006000 -0.526000 -0.502000 -0.505000 -0.465000 
21.000000 0.397000 -0.233000 0.006000 -0.526000 -0.502000 -0.505000 -0.465000 
22.000000 0.397000 -0.232000 0.006000 -0.526000 -0.502000 -0.505000 -0.465000 
23.000000 0.397000 -0.232000 0.006000 -0.525000 -0.501000 -0.506000 -0.466000 
24.000000 0.397000 -0.232000 0.006000 -0.526000 -0.502000 -0.505000 -0.465000 
25.000000 0.396000 -0.233000 0.006000 -0.528000 -0.505000 -0.502000 -0.463000 
26.000000 0.396000 -0.233000 0.006000 -0.532000 -0.509000 -0.498000 -0.459000 
27.000000 0.396000 -0.233000 0.006000 -0.535000 -0.512000 -0.494000 -0.455000 
28.000000 0.396000 -0.233000 0.006000 -0.539000 -0.516000 -0.490000 -0.451000 
29.000000 0.396000 -0.233000 0.006000 -0.543000 -0.520000 -0.486000 -0.446000 
30.000000 0.396000 -0.233000 0.006000 -0.546000 -0.524000 -0.481000 -0.442000 
31.000000 0.396000 -0.233000 0.006000 -0.549000 -0.528000 -0.477000 -0.437000 
32.000000 0.396000 -0.233000 0.006000 -0.553000 -0.532000 -0.473000 -0.433000 
33.000000 0.396000 -0.233000 0.006000 -0.557000 -0.536000 -0.468000 -0.428000 
34.000000 0.396000 -0.233000 0.008000 -0.560000 -0.540000 -0.464000 -0.424000 
35.000000 0.395000 -0.233000 0.010000 -0.564000 -0.544000 -0.459000 -0.419000 
36.000000 0.395000 -0.234000 0.013000 -0.567000 -0.548000 -0.454000 -0.414000 
37.000000 0.395000 -0.234000 0.015000 -0.571000 -0.551000 -0.450000 -0.410000 
38.000000 0.395000 -0.234000 0.015000 -0.574000 -0.555000 -0.446000 -0.405000 
39.000000 0.395000 -0.234000 0.016000 -0.577000 -0.558000 -0.441000 -0.401000 
40.000000 0.395000 -0.234000 0.016000 -0.580000 -0.562000 -0.437000 -0.396000 
41.000000 0.395000 -0.234000 0.016000 -0.583000 -0.565000 -0.432000 -0.391000 
42.000000 0.395000 -0.234000 0.016000 -0.586000 -0.569000 -0.428000 -0.387000 
43.000000 0.395000 -0.234000 0.016000 -0.593000 -0.575000 -0.419000 -0.377000 
44.000000 0.395000 -0.234000 0.016000 -0.596000 -0.578000 -0.414000 -0.372000 
45.000000 0.395000 -0.234000 0.019000 -0.598000 -0.582000 -0.409000 -0.369000 
46.000000 0.395000 -0.234000 0.021000 -0.602000 -0.585000 -0.405000 -0.363000 
47.000000 0.395000 -0.234000 0.025000 -0.605000 -0.588000 -0.400000 -0.357000 
48.000000 0.395000 -0.234000 0.028000 -0.608000 -0.592000 -0.395000 -0.353000 
49.000000 0.395000 -0.234000 0.029000 -0.611000 -0.595000 -0.390000 -0.348000 
50.000000 0.395000 -0.234000 0.030000 -0.614000 -0.598000 -0.386000 -0.343000 
51.000000 0.395000 -0.234000 0.030000 -0.616000 -0.601000 -0.381000 -0.338000 
52.000000 0.395000 -0.234000 0.030000 -0.619000 -0.604000 -0.376000 -0.333000 
53.000000 0.395000 -0.234000 0.030000 -0.621000 -0.607000 -0.371000 -0.328000 
54.000000 0.394000 -0.234000 0.030000 -0.624000 -0.610000 -0.366000 -0.323000 
55.000000 0.395000 -0.234000 0.030000 -0.627000 -0.613000 -0.362000 -0.318000 
56.000000 0.395000 -0.233000 0.031000 -0.629000 -0.616000 -0.357000 -0.313000 
57.000000 0.394000 -0.233000 0.031000 -0.632000 -0.618000 -0.352000 -0.307000 
58.000000 0.394000 -0.233000 0.035000 -0.636000 -0.624000 -0.342000 -0.298000 
59.000000 0.394000 -0.233000 0.039000 -0.639000 -0.627000 -0.337000 -0.292000 
60.000000 0.394000 -0.233000 0.045000 -0.644000 -0.632000 -0.327000 -0.281000 
61.000000 0.394000 -0.233000 0.046000 -0.647000 -0.634000 -0.322000 -0.276000 
62.000000 0.394000 -0.233000 0.047000 -0.652000 -0.638000 -0.312000 -0.266000 
63.000000 0.394000 -0.233000 0.047000 -0.654000 -0.640000 -0.308000 -0.261000 
64.000000 0.394000 -0.232000 0.047000 -0.656000 -0.642000 -0.303000 -0.255000 
65.000000 0.395000 -0.232000 0.048000 -0.658000 -0.645000 -0.298000 -0.250000 
66.000000 0.395000 -0.232000 0.047000 -0.660000 -0.647000 -0.293000 -0.245000 
67.000000 0.395000 -0.232000 0.048000 -0.662000 -0.649000 -0.288000 -0.240000 
68.000000 0.395000 -0.232000 0.048000 -0.664000 -0.652000 -0.283000 -0.234000 
69.000000 0.395000 -0.232000 0.048000 -0.665000 -0.654000 -0.278000 -0.229000 
70.000000 0.395000 -0.232000 0.048000 -0.667000 -0.656000 -0.272000 -0.224000 
71.000000 0.395000 -0.232000 0.048000 -0.669000 -0.658000 -0.267000 -0.218000 
72.000000 0.395000 -0.231000 0.047000 -0.671000 -0.661000 -0.262000 -0.213000 
73.000000 0.395000 -0.231000 0.047000 -0.672000 -0.663000 -0.258000 -0.208000 
74.000000 0.395000 -0.232000 0.048000 -0.672000 -0.664000 -0.255000 -0.207000 
75.000000 0.395000 -0.232000 0.048000 -0.672000 -0.664000 -0.254000 -0.207000 
76.000000 0.394000 -0.232000 0.048000 -0.672000 -0.664000 -0.254000 -0.206000 
77.000000 0.394000 -0.232000 0.050000 -0.673000 -0.664000 -0.253000 -0.206000 
78.000000 0.394000 -0.232000 0.052000 -0.673000 -0.664000 -0.253000 -0.206000 
79.000000 0.395000 -0.232000 0.056000 -0.672000 -0.664000 -0.253000 -0.206000 
80.000000 0.395000 -0.232000 0.059000 -0.672000 -0.664000 -0.254000 -0.207000 
81.000000 0.395000 -0.232000 0.062000 -0.672000 -0.664000 -0.254000 -0.207000 
82.000000 0.395000 -0.233000 0.066000 -0.672000 -0.664000 -0.254000 -0.207000 
83.000000 0.395000 -0.232000 0.068000 -0.672000 -0.664000 -0.254000 -0.206000 
84.000000 0.394000 -0.232000 0.070000 -0.674000 -0.665000 -0.251000 -0.202000 
85.000000 0.394000 -0.232000 0.071000 -0.675000 -0.667000 -0.247000 -0.197000 
86.000000 0.394000 -0.231000 0.071000 -0.677000 -0.668000 -0.242000 -0.192000 
87.000000 0.394000 -0.231000 0.071000 -0.678000 -0.671000 -0.237000 -0.187000 
88.000000 0.394000 -0.231000 0.071000 -0.679000 -0.672000 -0.231000 -0.181000 
89.000000 0.394000 -0.231000 0.071000 -0.681000 -0.674000 -0.226000 -0.176000 
90.000000 0.394000 -0.231000 0.073000 -0.682000 -0.677000 -0.218000 -0.169000 
91.000000 0.394000 -0.232000 0.076000 -0.682000 -0.678000 -0.216000 -0.168000 
92.000000 0.394000 -0.232000 0.079000 -0.682000 -0.678000 -0.216000 -0.168000 
93.000000 0.394000 -0.231000 0.081000 -0.683000 -0.678000 -0.214000 -0.165000 
94.000000 0.394000 -0.231000 0.083000 -0.684000 -0.680000 -0.210000 -0.160000 
95.000000 0.394000 -0.231000 0.083000 -0.685000 -0.681000 -0.205000 -0.155000 
96.000000 0.394000 -0.231000 0.083000 -0.687000 -0.683000 -0.200000 -0.149000 
97.000000 0.394000 -0.230000 0.083000 -0.687000 -0.685000 -0.195000 -0.144000 
98.000000 0.394000 -0.231000 0.083000 -0.689000 -0.686000 -0.189000 -0.139000 
99.000000 0.394000 -0.231000 0.083000 -0.690000 -0.688000 -0.184000 -0.133000 
100.000000 0.393000 -0.231000 0.084000 -0.691000 -0.689000 -0.177000 -0.127000 
101.000000 0.393000 -0.231000 0.086000 -0.692000 -0.690000 -0.171000 -0.121000 
102.000000 0.393000 -0.232000 0.088000 -0.694000 -0.692000 -0.165000 -0.116000 
103.000000 0.393000 -0.232000 0.090000 -0.695000 -0.693000 -0.159000 -0.111000 
104.000000 0.392000 -0.232000 0.090000 -0.695000 -0.694000 -0.153000 -0.105000 
105.000000 0.393000 -0.231000 0.090000 -0.696000 -0.696000 -0.148000 -0.099000 
106.000000 0.393000 -0.231000 0.090000 -0.696000 -0.698000 -0.142000 -0.093000 
107.000000 0.393000 -0.231000 0.091000 -0.696000 -0.699000 -0.136000 -0.088000 
108.000000 0.393000 -0.232000 0.092000 -0.698000 -0.701000 -0.123000 -0.079000 
109.000000 0.393000 -0.232000 0.094000 -0.698000 -0.702000 -0.122000 -0.077000 
110.000000 0.393000 -0.231000 0.097000 -0.697000 -0.702000 -0.122000 -0.075000 
111.000000 0.393000 -0.231000 0.100000 -0.698000 -0.702000 -0.122000 -0.074000 
112.000000 0.393000 -0.231000 0.105000 -0.698000 -0.702000 -0.123000 -0.074000 
113.000000 0.393000 -0.232000 0.107000 -0.698000 -0.702000 -0.120000 -0.074000 
114.000000 0.394000 -0.233000 0.108000 -0.699000 -0.702000 -0.115000 -0.071000 
115.000000 0.394000 -0.233000 0.109000 -0.699000 -0.703000 -0.110000 -0.067000 
116.000000 0.394000 -0.233000 0.109000 -0.700000 -0.704000 -0.104000 -0.062000 
117.000000 0.394000 -0.233000 0.109000 -0.701000 -0.706000 -0.093000 -0.051000 
118.000000 0.394000 -0.233000 0.109000 -0.701000 -0.706000 -0.087000 -0.045000 
119.000000 0.394000 -0.233000 0.109000 -0.701000 -0.707000 -0.082000 -0.040000 
120.000000 0.394000 -0.233000 0.109000 -0.701000 -0.708000 -0.076000 -0.034000 
121.000000 0.394000 -0.233000 0.109000 -0.702000 -0.709000 -0.070000 -0.029000 
122.000000 0.394000 -0.233000 0.109000 -0.702000 -0.709000 -0.064000 -0.023000 
123.000000 0.394000 -0.233000 0.109000 -0.702000 -0.709000 -0.059000 -0.017000 
124.000000 0.394000 -0.233000 0.109000 -0.702000 -0.710000 -0.053000 -0.012000 
125.000000 0.394000 -0.233000 0.109000 -0.702000 -0.711000 -0.048000 -0.006000 
126.000000 0.394000 -0.233000 0.109000 -0.702000 -0.711000 -0.043000 -0.001000 
127.000000 0.395000 -0.233000 0.109000 -0.702000 -0.711000 -0.037000 0.005000 
128.000000 0.395000 -0.233000 0.109000 -0.702000 -0.712000 -0.034000 0.008000 
129.000000 0.395000 -0.233000 0.109000 -0.702000 -0.711000 -0.034000 0.009000 
130.000000 0.396000 -0.233000 0.110000 -0.702000 -0.711000 -0.034000 0.009000 
131.000000 0.396000 -0.233000 0.111000 -0.702000 -0.711000 -0.034000 0.010000 
132.000000 0.395000 -0.233000 0.112000 -0.702000 -0.711000 -0.034000 0.011000 
133.000000 0.395000 -0.232000 0.115000 -0.702000 -0.712000 -0.034000 0.012000 
134.000000 0.395000 -0.232000 0.118000 -0.702000 -0.712000 -0.034000 0.012000 
135.000000 0.395000 -0.233000 0.121000 -0.702000 -0.712000 -0.034000 0.012000 
136.000000 0.395000 -0.233000 0.122000 -0.702000 -0.712000 -0.033000 0.011000 
137.000000 0.395000 -0.233000 0.123000 -0.702000 -0.712000 -0.033000 0.012000 
138.000000 0.394000 -0.234000 0.124000 -0.703000 -0.711000 -0.029000 0.015000 
139.000000 0.395000 -0.234000 0.125000 -0.703000 -0.711000 -0.024000 0.020000 
140.000000 0.395000 -0.233000 0.126000 -0.702000 -0.712000 -0.019000 0.025000 
141.000000 0.395000 -0.233000 0.126000 -0.701000 -0.712000 -0.014000 0.031000 
142.000000 0.395000 -0.233000 0.126000 -0.701000 -0.712000 -0.009000 0.036000 
143.000000 0.395000 -0.233000 0.126000 -0.701000 -0.713000 -0.007000 0.037000 
144.000000 0.395000 -0.234000 0.126000 -0.701000 -0.712000 -0.007000 0.038000 
145.000000 0.396000 -0.233000 0.126000 -0.701000 -0.712000 -0.007000 0.037000 
146.000000 0.396000 -0.233000 0.126000 -0.701000 -0.712000 -0.007000 0.038000 
147.000000 0.395000 -0.233000 0.126000 -0.701000 -0.712000 -0.006000 0.038000 
148.000000 0.395000 -0.233000 0.126000 -0.701000 -0.712000 -0.006000 0.038000 
149.000000 0.395000 -0.233000 0.126000 -0.701000 -0.712000 -0.006000 0.038000 
150.000000 0.395000 -0.233000 0.126000 -0.701000 -0.712000 -0.006000 0.038000 
151.000000 0.395000 -0.233000 0.126000 -0.701000 -0.712000 -0.006000 0.038000 
152.000000 0.395000 -0.233000 0.126000 -0.701000 -0.712000 -0.006000 0.038000 
153.000000 0.395000 -0.233000 0.126000 -0.701000 -0.712000 -0.006000 0.038000 
154.000000 0.395000 -0.233000 0.126000 -0.701000 -0.712000 -0.006000 0.038000 
155.000000 0.395000 -0.233000 0.126000 -0.701000 -0.712000 -0.006000 0.038000 
156.000000 0.395000 -0.234000 0.126000 -0.701000 -0.712000 -0.006000 0.038000 
157.000000 0.395000 -0.234000 0.126000 -0.701000 -0.712000 -0.006000 0.038000 
158.000000 0.395000 -0.234000 0.126000 -0.701000 -0.712000 -0.006000 0.038000 
159.000000 0.395000 -0.234000 0.126000 -0.701000 -0.712000 -0.006000 0.038000 
160.000000 0.395000 -0.234000 0.126000 -0.701000 -0.712000 -0.006000 0.038000 
161.000000 0.395000 -0.234000 0.126000 -0.701000 -0.712000 -0.006000 0.038000 
162.000000 0.395000 -0.234000 0.126000 -0.701000 -0.712000 -0.006000 0.038000 
163.000000 0.395000 -0.234000 0.126000 -0.701000 -0.712000 -0.006000 0.038000 
