0.000	0.397	-0.232	0.006	-0.527	-0.501	-0.506	-0.465	
1.000	0.397	-0.232	0.006	-0.527	-0.501	-0.506	-0.465	
3.000	0.397	-0.232	0.006	-0.527	-0.501	-0.506	-0.465	
4.000	0.397	-0.232	0.006	-0.527	-0.501	-0.506	-0.465	
5.000	0.397	-0.232	0.006	-0.527	-0.501	-0.506	-0.465	
6.000	0.397	-0.232	0.006	-0.527	-0.501	-0.506	-0.465	
7.000	0.397	-0.232	0.006	-0.527	-0.501	-0.506	-0.465	
8.000	0.397	-0.232	0.006	-0.527	-0.501	-0.506	-0.465	
10.000	0.397	-0.232	0.006	-0.527	-0.501	-0.506	-0.465	
11.000	0.397	-0.232	0.006	-0.527	-0.501	-0.506	-0.465	
13.000	0.397	-0.232	0.006	-0.527	-0.501	-0.506	-0.465	
14.000	0.397	-0.232	0.006	-0.527	-0.501	-0.506	-0.465	
17.000	0.397	-0.232	0.006	-0.527	-0.501	-0.506	-0.465	
18.000	0.397	-0.232	0.006	-0.527	-0.501	-0.506	-0.465	
19.000	0.397	-0.232	0.006	-0.527	-0.501	-0.506	-0.465	
20.000	0.397	-0.232	0.006	-0.527	-0.501	-0.506	-0.465	
21.000	0.397	-0.232	0.006	-0.527	-0.501	-0.506	-0.465	
22.000	0.397	-0.232	0.006	-0.527	-0.501	-0.506	-0.465	
23.000	0.397	-0.232	0.006	-0.527	-0.501	-0.506	-0.465	
24.000	0.397	-0.232	0.006	-0.527	-0.501	-0.506	-0.465	
25.000	0.397	-0.232	0.006	-0.527	-0.501	-0.506	-0.465	
26.000	0.397	-0.232	0.006	-0.527	-0.501	-0.506	-0.465	
27.000	0.397	-0.232	0.006	-0.527	-0.501	-0.506	-0.465	
28.000	0.397	-0.232	0.006	-0.525	-0.500	-0.508	-0.466	
29.000	0.397	-0.232	0.006	-0.525	-0.499	-0.508	-0.467	
30.000	0.397	-0.232	0.007	-0.525	-0.500	-0.507	-0.466	
31.000	0.397	-0.233	0.007	-0.527	-0.503	-0.504	-0.464	
34.000	0.396	-0.233	0.007	-0.531	-0.510	-0.497	-0.459	
35.000	0.396	-0.232	0.007	-0.531	-0.510	-0.497	-0.459	
36.000	0.396	-0.233	0.007	-0.532	-0.510	-0.496	-0.458	
37.000	0.396	-0.233	0.007	-0.535	-0.513	-0.493	-0.455	
38.000	0.396	-0.233	0.007	-0.538	-0.516	-0.490	-0.452	
39.000	0.396	-0.233	0.007	-0.541	-0.520	-0.486	-0.448	
41.000	0.396	-0.233	0.007	-0.547	-0.527	-0.479	-0.441	
44.000	0.396	-0.233	0.007	-0.556	-0.537	-0.468	-0.428	
45.000	0.396	-0.233	0.008	-0.560	-0.540	-0.464	-0.424	
46.000	0.396	-0.233	0.009	-0.563	-0.544	-0.460	-0.420	
47.000	0.395	-0.233	0.011	-0.565	-0.547	-0.456	-0.416	
49.000	0.395	-0.233	0.015	-0.571	-0.554	-0.448	-0.409	
50.000	0.395	-0.233	0.015	-0.574	-0.556	-0.444	-0.404	
51.000	0.395	-0.233	0.015	-0.577	-0.559	-0.440	-0.400	
52.000	0.395	-0.233	0.015	-0.580	-0.562	-0.437	-0.396	
53.000	0.395	-0.233	0.015	-0.582	-0.566	-0.433	-0.392	
54.000	0.395	-0.233	0.015	-0.585	-0.569	-0.429	-0.388	
57.000	0.395	-0.233	0.015	-0.593	-0.577	-0.417	-0.376	
58.000	0.395	-0.233	0.016	-0.596	-0.580	-0.413	-0.372	
59.000	0.395	-0.233	0.018	-0.599	-0.583	-0.409	-0.367	
61.000	0.395	-0.234	0.023	-0.604	-0.588	-0.401	-0.359	
62.000	0.395	-0.234	0.024	-0.606	-0.591	-0.397	-0.355	
63.000	0.395	-0.233	0.025	-0.608	-0.594	-0.393	-0.351	
64.000	0.395	-0.233	0.025	-0.610	-0.597	-0.388	-0.347	
65.000	0.395	-0.233	0.025	-0.613	-0.599	-0.384	-0.342	
66.000	0.395	-0.233	0.025	-0.616	-0.602	-0.380	-0.338	
68.000	0.395	-0.233	0.025	-0.620	-0.607	-0.372	-0.329	
69.000	0.395	-0.233	0.026	-0.622	-0.610	-0.367	-0.325	
70.000	0.395	-0.234	0.028	-0.625	-0.612	-0.363	-0.320	
71.000	0.395	-0.233	0.031	-0.627	-0.615	-0.359	-0.315	
72.000	0.395	-0.233	0.034	-0.629	-0.617	-0.355	-0.311	
74.000	0.395	-0.233	0.039	-0.633	-0.623	-0.346	-0.302	
75.000	0.395	-0.233	0.041	-0.636	-0.624	-0.342	-0.297	
77.000	0.394	-0.232	0.043	-0.640	-0.630	-0.334	-0.288	
78.000	0.394	-0.232	0.043	-0.642	-0.632	-0.329	-0.283	
79.000	0.394	-0.232	0.043	-0.644	-0.634	-0.325	-0.279	
80.000	0.394	-0.232	0.043	-0.646	-0.636	-0.321	-0.274	
81.000	0.394	-0.232	0.043	-0.648	-0.638	-0.316	-0.269	
82.000	0.394	-0.232	0.044	-0.652	-0.639	-0.311	-0.265	
83.000	0.394	-0.233	0.046	-0.654	-0.641	-0.307	-0.260	
84.000	0.394	-0.232	0.048	-0.656	-0.642	-0.303	-0.256	
86.000	0.394	-0.232	0.054	-0.659	-0.647	-0.295	-0.246	
87.000	0.395	-0.231	0.057	-0.661	-0.649	-0.290	-0.241	
88.000	0.395	-0.231	0.059	-0.662	-0.651	-0.286	-0.237	
89.000	0.395	-0.231	0.059	-0.664	-0.653	-0.281	-0.233	
90.000	0.395	-0.231	0.060	-0.665	-0.655	-0.277	-0.228	
91.000	0.395	-0.231	0.060	-0.667	-0.657	-0.272	-0.223	
93.000	0.395	-0.231	0.060	-0.670	-0.661	-0.263	-0.214	
94.000	0.395	-0.231	0.060	-0.671	-0.662	-0.259	-0.209	
95.000	0.395	-0.231	0.060	-0.673	-0.664	-0.254	-0.204	
96.000	0.395	-0.231	0.061	-0.675	-0.666	-0.249	-0.199	
97.000	0.395	-0.231	0.063	-0.676	-0.667	-0.245	-0.194	
98.000	0.395	-0.231	0.066	-0.677	-0.669	-0.240	-0.189	
99.000	0.394	-0.231	0.069	-0.678	-0.671	-0.235	-0.184	
100.000	0.394	-0.230	0.071	-0.679	-0.673	-0.230	-0.180	
101.000	0.394	-0.231	0.074	-0.681	-0.675	-0.226	-0.175	
102.000	0.394	-0.231	0.075	-0.682	-0.676	-0.221	-0.170	
103.000	0.394	-0.231	0.076	-0.683	-0.678	-0.216	-0.166	
104.000	0.395	-0.231	0.076	-0.684	-0.679	-0.211	-0.161	
106.000	0.394	-0.230	0.076	-0.686	-0.682	-0.202	-0.151	
108.000	0.394	-0.231	0.076	-0.688	-0.685	-0.192	-0.141	
109.000	0.394	-0.230	0.076	-0.689	-0.687	-0.187	-0.136	
110.000	0.394	-0.231	0.077	-0.691	-0.687	-0.182	-0.131	
111.000	0.394	-0.230	0.079	-0.691	-0.689	-0.177	-0.126	
112.000	0.394	-0.230	0.081	-0.692	-0.690	-0.172	-0.121	
114.000	0.393	-0.232	0.085	-0.695	-0.692	-0.161	-0.111	
115.000	0.393	-0.232	0.085	-0.696	-0.693	-0.156	-0.107	
116.000	0.393	-0.232	0.086	-0.696	-0.694	-0.151	-0.102	
117.000	0.393	-0.231	0.086	-0.697	-0.696	-0.146	-0.097	
118.000	0.393	-0.231	0.086	-0.697	-0.697	-0.141	-0.092	
119.000	0.393	-0.230	0.086	-0.697	-0.698	-0.136	-0.087	
120.000	0.393	-0.231	0.086	-0.698	-0.699	-0.131	-0.082	
121.000	0.393	-0.232	0.087	-0.699	-0.700	-0.125	-0.079	
122.000	0.393	-0.232	0.089	-0.699	-0.701	-0.119	-0.075	
123.000	0.394	-0.232	0.092	-0.699	-0.701	-0.117	-0.073	
124.000	0.393	-0.232	0.095	-0.699	-0.701	-0.117	-0.071	
125.000	0.393	-0.231	0.097	-0.699	-0.702	-0.118	-0.070	
126.000	0.393	-0.231	0.100	-0.699	-0.702	-0.118	-0.070	
128.000	0.393	-0.231	0.105	-0.699	-0.702	-0.118	-0.069	
129.000	0.394	-0.231	0.106	-0.699	-0.702	-0.116	-0.070	
130.000	0.394	-0.232	0.108	-0.700	-0.702	-0.112	-0.068	
131.000	0.394	-0.233	0.108	-0.700	-0.703	-0.107	-0.064	
134.000	0.394	-0.233	0.109	-0.701	-0.705	-0.093	-0.050	
136.000	0.395	-0.233	0.109	-0.702	-0.706	-0.083	-0.040	
137.000	0.395	-0.233	0.109	-0.702	-0.707	-0.078	-0.036	
138.000	0.394	-0.233	0.109	-0.702	-0.708	-0.073	-0.031	
139.000	0.395	-0.233	0.109	-0.702	-0.708	-0.068	-0.026	
140.000	0.395	-0.233	0.109	-0.702	-0.709	-0.064	-0.022	
141.000	0.395	-0.233	0.109	-0.702	-0.709	-0.064	-0.021	
142.000	0.395	-0.233	0.110	-0.702	-0.709	-0.063	-0.020	
143.000	0.395	-0.233	0.113	-0.702	-0.709	-0.063	-0.020	
144.000	0.395	-0.233	0.115	-0.702	-0.709	-0.063	-0.020	
146.000	0.395	-0.233	0.119	-0.702	-0.709	-0.062	-0.018	
147.000	0.394	-0.233	0.120	-0.703	-0.709	-0.058	-0.014	
148.000	0.394	-0.234	0.121	-0.704	-0.709	-0.054	-0.010	
149.000	0.395	-0.233	0.121	-0.703	-0.709	-0.050	-0.005	
150.000	0.395	-0.233	0.121	-0.703	-0.710	-0.045	-0.000	
151.000	0.395	-0.233	0.121	-0.703	-0.710	-0.042	0.002	
152.000	0.396	-0.233	0.121	-0.703	-0.710	-0.042	0.002	
156.000	0.395	-0.233	0.126	-0.703	-0.710	-0.040	0.004	
158.000	0.395	-0.233	0.130	-0.703	-0.710	-0.039	0.004	
159.000	0.395	-0.234	0.131	-0.703	-0.710	-0.037	0.006	
160.000	0.395	-0.234	0.132	-0.703	-0.711	-0.034	0.009	
161.000	0.395	-0.234	0.132	-0.702	-0.711	-0.030	0.014	
162.000	0.395	-0.234	0.133	-0.703	-0.711	-0.025	0.018	
163.000	0.395	-0.233	0.133	-0.703	-0.711	-0.021	0.023	
164.000	0.395	-0.233	0.133	-0.702	-0.711	-0.016	0.029	
165.000	0.395	-0.233	0.133	-0.702	-0.711	-0.011	0.034	
166.000	0.395	-0.233	0.133	-0.702	-0.712	-0.006	0.039	
167.000	0.395	-0.233	0.133	-0.701	-0.712	-0.001	0.043	
168.000	0.395	-0.233	0.133	-0.701	-0.712	0.004	0.048	
169.000	0.395	-0.233	0.133	-0.701	-0.711	0.009	0.053	
170.000	0.395	-0.233	0.133	-0.700	-0.711	0.014	0.058	
171.000	0.395	-0.233	0.133	-0.700	-0.711	0.018	0.062	
172.000	0.395	-0.233	0.132	-0.700	-0.711	0.020	0.064	
173.000	0.396	-0.233	0.132	-0.700	-0.711	0.020	0.065	
174.000	0.396	-0.233	0.133	-0.700	-0.711	0.020	0.064	
175.000	0.396	-0.233	0.133	-0.700	-0.711	0.020	0.064	
176.000	0.396	-0.233	0.133	-0.700	-0.711	0.020	0.064	
178.000	0.396	-0.233	0.132	-0.700	-0.711	0.021	0.064	
179.000	0.396	-0.233	0.132	-0.700	-0.711	0.021	0.064	
180.000	0.396	-0.233	0.132	-0.700	-0.711	0.021	0.064	
181.000	0.396	-0.233	0.132	-0.700	-0.711	0.021	0.064	
182.000	0.396	-0.233	0.132	-0.700	-0.711	0.021	0.064	
183.000	0.396	-0.233	0.132	-0.700	-0.711	0.021	0.064	
184.000	0.396	-0.233	0.132	-0.700	-0.711	0.021	0.064	
185.000	0.396	-0.233	0.132	-0.700	-0.711	0.021	0.064	
186.000	0.396	-0.233	0.132	-0.700	-0.711	0.021	0.064	
187.000	0.396	-0.233	0.132	-0.700	-0.711	0.021	0.064	
188.000	0.396	-0.233	0.132	-0.700	-0.711	0.021	0.064	
189.000	0.396	-0.233	0.132	-0.700	-0.711	0.021	0.064	
191.000	0.396	-0.233	0.132	-0.700	-0.711	0.021	0.064	
192.000	0.396	-0.233	0.132	-0.700	-0.711	0.021	0.064	
193.000	0.396	-0.233	0.132	-0.700	-0.711	0.021	0.064	
194.000	0.396	-0.233	0.132	-0.700	-0.711	0.021	0.064	
195.000	0.396	-0.233	0.132	-0.700	-0.711	0.021	0.064	
196.000	0.396	-0.233	0.132	-0.700	-0.711	0.021	0.064	
