0 0.397026 -0.232803 0.00616271 -0.526466 -0.501929 -0.505098 -0.4648 
1 0.397023 -0.232795 0.0061743 -0.52647 -0.501938 -0.505086 -0.464794 
2 0.39702 -0.232786 0.00618589 -0.526473 -0.501947 -0.505074 -0.464789 
3 0.397016 -0.232778 0.00619745 -0.526476 -0.501955 -0.505062 -0.464783 
4 0.397013 -0.232769 0.00620899 -0.52648 -0.501964 -0.50505 -0.464778 
5 0.39701 -0.232761 0.00622046 -0.526483 -0.501972 -0.505038 -0.464773 
6 0.397007 -0.232753 0.00623184 -0.526485 -0.50198 -0.505027 -0.464769 
7 0.397003 -0.232744 0.00624305 -0.526487 -0.501987 -0.505017 -0.464765 
8 0.397 -0.232736 0.00625398 -0.526488 -0.501993 -0.505008 -0.464763 
9 0.396997 -0.232727 0.00626444 -0.526487 -0.501997 -0.505002 -0.464764 
10 0.396994 -0.232719 0.00627413 -0.526484 -0.501998 -0.504999 -0.464769 
11 0.39699 -0.23271 0.00628255 -0.526476 -0.501995 -0.505002 -0.46478 
12 0.396987 -0.232702 0.00628893 -0.526461 -0.501984 -0.505015 -0.464801 
13 0.396984 -0.232693 0.00629208 -0.526435 -0.501962 -0.505042 -0.464838 
14 0.39698 -0.232684 0.00629019 -0.526394 -0.501923 -0.505092 -0.464899 
15 0.396977 -0.232675 0.00628056 -0.526329 -0.501859 -0.505173 -0.464995 
16 0.396973 -0.232666 0.00625936 -0.526231 -0.501762 -0.5053 -0.465141 
17 0.396967 -0.232657 0.00622137 -0.526091 -0.501622 -0.505488 -0.465355 
18 0.39696 -0.232648 0.00616004 -0.5259 -0.501431 -0.505749 -0.465655 
19 0.396948 -0.23264 0.00606832 -0.525659 -0.501194 -0.506087 -0.466048 
20 0.396929 -0.232633 0.00594096 -0.525389 -0.50094 -0.506478 -0.466517 
21 0.396899 -0.232632 0.0057794 -0.525156 -0.500746 -0.506842 -0.46699 
22 0.396852 -0.232637 0.00559925 -0.525088 -0.500759 -0.507016 -0.467306 
23 0.396783 -0.232654 0.00543749 -0.525386 -0.501202 -0.506736 -0.467198 
24 0.396688 -0.232686 0.00535148 -0.52628 -0.502327 -0.505694 -0.466341 
25 0.396572 -0.232733 0.00540255 -0.527942 -0.504309 -0.503649 -0.464471 
26 0.396442 -0.232793 0.00562935 -0.530392 -0.507154 -0.50056 -0.461518 
27 0.39631 -0.232861 0.00603135 -0.533483 -0.510688 -0.496603 -0.45764 
28 0.396184 -0.232932 0.00657557 -0.536988 -0.514653 -0.492069 -0.45313 
29 0.396067 -0.233001 0.00721706 -0.540696 -0.518815 -0.487242 -0.448275 
30 0.395962 -0.233068 0.00791599 -0.54446 -0.523017 -0.482318 -0.443288 
31 0.395865 -0.233131 0.00864437 -0.548201 -0.527178 -0.477407 -0.43829 
32 0.395777 -0.233192 0.00938546 -0.551891 -0.53127 -0.472557 -0.433335 
33 0.395694 -0.233251 0.0101307 -0.555525 -0.535294 -0.467774 -0.428438 
34 0.395615 -0.233308 0.0108766 -0.559116 -0.539264 -0.463049 -0.423593 
35 0.395539 -0.233366 0.0116229 -0.562681 -0.543201 -0.458362 -0.418782 
36 0.395465 -0.233424 0.0123719 -0.566239 -0.547129 -0.45369 -0.413983 
37 0.395394 -0.233484 0.0131276 -0.569814 -0.551072 -0.449004 -0.409168 
38 0.395324 -0.233547 0.0138971 -0.573432 -0.555059 -0.44427 -0.404301 
39 0.395256 -0.233612 0.0146911 -0.57712 -0.55912 -0.439444 -0.399338 
40 0.395192 -0.233681 0.0155254 -0.58091 -0.563288 -0.434472 -0.394221 
41 0.395131 -0.233753 0.0164217 -0.584828 -0.56759 -0.429292 -0.388882 
42 0.395075 -0.233824 0.0174064 -0.588883 -0.572034 -0.42384 -0.383254 
43 0.395026 -0.233889 0.0185045 -0.593049 -0.576589 -0.418082 -0.377295 
44 0.394983 -0.23394 0.0197282 -0.597245 -0.581166 -0.412044 -0.371025 
45 0.394947 -0.233968 0.0210643 -0.601344 -0.585626 -0.405837 -0.364558 
46 0.394913 -0.233967 0.0224703 -0.605203 -0.589819 -0.399642 -0.358081 
47 0.394879 -0.233936 0.0238883 -0.608725 -0.593643 -0.393641 -0.351788 
48 0.394843 -0.233882 0.0252677 -0.611891 -0.597081 -0.387953 -0.345809 
49 0.394802 -0.233811 0.02658 -0.61475 -0.600189 -0.382606 -0.340181 
50 0.394758 -0.233731 0.0278199 -0.61738 -0.603052 -0.37756 -0.334867 
51 0.394709 -0.233646 0.0289965 -0.61986 -0.605756 -0.372747 -0.329797 
52 0.394658 -0.23356 0.0301252 -0.622251 -0.608366 -0.368096 -0.324898 
53 0.394605 -0.233475 0.0312218 -0.624598 -0.610928 -0.363547 -0.320107 
54 0.394552 -0.23339 0.0323013 -0.626933 -0.613475 -0.35905 -0.315371 
55 0.394499 -0.233304 0.0333769 -0.629278 -0.616028 -0.354567 -0.310648 
56 0.394447 -0.233218 0.0344616 -0.631654 -0.618608 -0.35006 -0.305897 
57 0.394399 -0.233131 0.0355691 -0.63408 -0.62123 -0.34549 -0.301074 
58 0.394356 -0.23304 0.0367139 -0.63658 -0.623915 -0.34081 -0.296129 
59 0.394321 -0.232945 0.0379118 -0.639174 -0.626679 -0.335967 -0.291001 
60 0.394298 -0.232845 0.0391766 -0.641881 -0.629538 -0.3309 -0.285627 
61 0.394292 -0.232738 0.0405147 -0.644702 -0.632491 -0.325556 -0.279949 
62 0.394306 -0.232624 0.0419159 -0.647608 -0.63551 -0.319914 -0.273949 
63 0.394341 -0.232506 0.0433454 -0.650528 -0.638532 -0.31402 -0.267683 
64 0.394393 -0.232389 0.0447446 -0.653352 -0.641462 -0.308001 -0.261298 
65 0.394454 -0.232277 0.0460466 -0.655964 -0.644202 -0.302042 -0.255001 
66 0.394514 -0.232175 0.0472022 -0.658287 -0.646688 -0.296322 -0.248987 
67 0.394563 -0.232086 0.0481956 -0.660309 -0.648913 -0.290948 -0.243371 
68 0.394598 -0.232007 0.0490428 -0.662069 -0.650915 -0.285938 -0.238167 
69 0.394618 -0.231938 0.0497768 -0.663633 -0.652752 -0.281245 -0.233318 
70 0.394625 -0.231875 0.0504334 -0.665067 -0.654481 -0.276795 -0.228738 
71 0.394623 -0.231817 0.051044 -0.666423 -0.656149 -0.272511 -0.224341 
72 0.394612 -0.23176 0.0516336 -0.667737 -0.657788 -0.26833 -0.220055 
73 0.394597 -0.231704 0.0522229 -0.669037 -0.65942 -0.2642 -0.215824 
74 0.394577 -0.231648 0.0528311 -0.670336 -0.66106 -0.26008 -0.211601 
75 0.394554 -0.231591 0.0534792 -0.671646 -0.66272 -0.255936 -0.20735 
76 0.394529 -0.231532 0.0541924 -0.672973 -0.664404 -0.251737 -0.203038 
77 0.3945 -0.231472 0.0550018 -0.674316 -0.666117 -0.247456 -0.198637 
78 0.394468 -0.231411 0.055943 -0.675672 -0.667853 -0.243075 -0.194127 
79 0.39443 -0.231352 0.0570515 -0.677027 -0.6696 -0.238584 -0.189503 
80 0.394385 -0.231295 0.0583511 -0.678359 -0.671334 -0.233997 -0.184783 
81 0.394332 -0.231246 0.0598402 -0.67964 -0.673023 -0.229352 -0.180015 
82 0.39427 -0.231206 0.0614827 -0.680842 -0.674633 -0.22471 -0.17527 
83 0.3942 -0.231177 0.0632113 -0.68195 -0.67614 -0.220136 -0.17062 
84 0.394126 -0.231159 0.0649477 -0.682963 -0.677539 -0.215677 -0.166117 
85 0.394047 -0.231152 0.0666256 -0.683894 -0.678843 -0.21135 -0.161777 
86 0.393968 -0.231152 0.0682056 -0.684768 -0.680076 -0.207138 -0.157581 
87 0.393889 -0.231157 0.0696757 -0.685609 -0.681267 -0.203005 -0.153487 
88 0.393811 -0.231167 0.0710432 -0.686436 -0.682441 -0.198903 -0.149443 
89 0.393734 -0.231179 0.072325 -0.687264 -0.683617 -0.194785 -0.145399 
90 0.393659 -0.231194 0.0735409 -0.688104 -0.68481 -0.190603 -0.141309 
91 0.393586 -0.231213 0.0747098 -0.68896 -0.686027 -0.186315 -0.13713 
92 0.393516 -0.231235 0.0758483 -0.689835 -0.687277 -0.181881 -0.132826 
93 0.393449 -0.231263 0.0769712 -0.690727 -0.68856 -0.177264 -0.128364 
94 0.393387 -0.231297 0.0780919 -0.691634 -0.689876 -0.172433 -0.123717 
95 0.393333 -0.23134 0.0792231 -0.692547 -0.691216 -0.16737 -0.118872 
96 0.393289 -0.231392 0.0803774 -0.693452 -0.692567 -0.162077 -0.113832 
97 0.393258 -0.231454 0.0815663 -0.694333 -0.693908 -0.15658 -0.108624 
98 0.393243 -0.231527 0.0827998 -0.695171 -0.695214 -0.150938 -0.103305 
99 0.393246 -0.231609 0.0840839 -0.695943 -0.696454 -0.145241 -0.0979541 
100 0.393266 -0.231699 0.0854198 -0.696635 -0.697602 -0.139591 -0.0926659 
101 0.393303 -0.231793 0.0868033 -0.697236 -0.698639 -0.134093 -0.0875304 
102 0.393353 -0.231889 0.0882253 -0.697747 -0.699559 -0.128826 -0.0826152 
103 0.393413 -0.231984 0.089674 -0.698176 -0.700368 -0.123833 -0.0779544 
104 0.39348 -0.232076 0.0911372 -0.698538 -0.70108 -0.119115 -0.0735464 
105 0.393549 -0.232165 0.0926039 -0.698848 -0.701714 -0.114644 -0.0693614 
106 0.393619 -0.232249 0.0940648 -0.699123 -0.702291 -0.11037 -0.065352 
107 0.393688 -0.232331 0.0955124 -0.699375 -0.702831 -0.106233 -0.0614642 
108 0.393755 -0.232411 0.0969403 -0.699615 -0.703347 -0.102177 -0.0576452 
109 0.393821 -0.232489 0.0983423 -0.699849 -0.703852 -0.0981502 -0.0538483 
110 0.393884 -0.232566 0.0997117 -0.700082 -0.704352 -0.0941099 -0.0500356 
111 0.393946 -0.232643 0.101041 -0.700316 -0.704854 -0.0900261 -0.0461792 
112 0.394006 -0.232721 0.102321 -0.700551 -0.705358 -0.0858808 -0.0422625 
113 0.394065 -0.232798 0.103541 -0.700785 -0.705864 -0.0816698 -0.0382805 
114 0.394122 -0.232876 0.104694 -0.701016 -0.706371 -0.0774026 -0.0342406 
115 0.394178 -0.232951 0.105768 -0.70124 -0.706873 -0.0731032 -0.0301626 
116 0.394233 -0.233025 0.106758 -0.701452 -0.707366 -0.0688077 -0.0260771 
117 0.394287 -0.233094 0.107661 -0.701647 -0.707842 -0.0645612 -0.0220229 
118 0.39434 -0.233157 0.108479 -0.701821 -0.708295 -0.0604123 -0.0180417 
119 0.394391 -0.233213 0.109218 -0.701968 -0.708718 -0.0564066 -0.0141729 
120 0.394441 -0.233262 0.109891 -0.702085 -0.709107 -0.0525793 -0.0104465 
121 0.39449 -0.233301 0.110514 -0.70217 -0.709456 -0.0489492 -0.00687863 
122 0.394538 -0.233332 0.111106 -0.702223 -0.709766 -0.0455157 -0.00346757 
123 0.394586 -0.233355 0.111684 -0.702241 -0.710035 -0.0422576 -0.000193337 
124 0.394633 -0.233371 0.112268 -0.702228 -0.710265 -0.0391347 0.00298098 
125 0.394679 -0.23338 0.112871 -0.702183 -0.710459 -0.0360919 0.00610588 
126 0.394725 -0.233386 0.113504 -0.702107 -0.710619 -0.0330639 0.00924074 
127 0.39477 -0.233388 0.114175 -0.702003 -0.710748 -0.0299817 0.0124481 
128 0.394814 -0.23339 0.114886 -0.70187 -0.710848 -0.0267793 0.015787 
129 0.394858 -0.233393 0.115632 -0.701712 -0.710921 -0.0234019 0.0193049 
130 0.394901 -0.233397 0.116406 -0.701528 -0.710968 -0.0198151 0.0230287 
131 0.394942 -0.233405 0.117192 -0.701322 -0.710992 -0.0160148 0.0269557 
132 0.39498 -0.233417 0.11797 -0.701098 -0.710994 -0.0120343 0.0310458 
133 0.395017 -0.233433 0.118719 -0.700863 -0.710976 -0.00794816 0.0352198 
134 0.39505 -0.233453 0.119414 -0.700624 -0.710942 -0.00386676 0.0393642 
135 0.395081 -0.233476 0.120037 -0.700389 -0.710897 7.78297e-05 0.0433466 
136 0.395109 -0.2335 0.120573 -0.700167 -0.710846 0.00375292 0.0470363 
137 0.395135 -0.233525 0.121017 -0.699964 -0.710793 0.00704751 0.0503265 
138 0.395159 -0.233548 0.121373 -0.699785 -0.710742 0.00988883 0.0531495 
139 0.395182 -0.233568 0.121649 -0.699632 -0.710698 0.0122486 0.0554827 
140 0.395204 -0.233585 0.12186 -0.699504 -0.710661 0.014139 0.057343 
141 0.395226 -0.233599 0.12202 -0.699399 -0.710634 0.0156022 0.0587764 
142 0.395248 -0.23361 0.122144 -0.699315 -0.710615 0.0166972 0.0598444 
143 0.39527 -0.233617 0.122242 -0.699247 -0.710604 0.0174886 0.060613 
144 0.395292 -0.233622 0.122324 -0.699193 -0.7106 0.0180387 0.061145 
145 0.395314 -0.233624 0.122397 -0.699148 -0.710602 0.0184022 0.0614953 
146 0.395337 -0.233625 0.122465 -0.699112 -0.710609 0.0186253 0.0617094 
147 0.39536 -0.233624 0.122532 -0.699082 -0.710619 0.0187446 0.0618234 
148 0.395384 -0.233623 0.122598 -0.699055 -0.710633 0.0187884 0.0618653 
149 0.395408 -0.23362 0.122665 -0.699032 -0.710648 0.0187784 0.0618557 
150 0.395431 -0.233617 0.122734 -0.699011 -0.710666 0.0187302 0.06181 
151 0.395455 -0.233613 0.122804 -0.698992 -0.710684 0.0186554 0.0617392 
152 0.39548 -0.23361 0.122875 -0.698973 -0.710703 0.0185622 0.0616513 
153 0.395504 -0.233605 0.122947 -0.698955 -0.710724 0.0184565 0.0615517 
154 0.395528 -0.233601 0.123021 -0.698938 -0.710744 0.0183423 0.0614442 
155 0.395552 -0.233597 0.123095 -0.698921 -0.710765 0.0182224 0.0613315 
156 0.395577 -0.233592 0.123169 -0.698905 -0.710786 0.0180986 0.0612153 
157 0.395601 -0.233588 0.123245 -0.698888 -0.710807 0.0179724 0.0610969 
158 0.395625 -0.233583 0.12332 -0.698872 -0.710828 0.0178446 0.060977 
159 0.39565 -0.233579 0.123396 -0.698856 -0.71085 0.0177157 0.0608561 
160 0.395674 -0.233574 0.123472 -0.698839 -0.710871 0.0175861 0.0607347 
161 0.395698 -0.233569 0.123548 -0.698823 -0.710893 0.0174561 0.0606129 
162 0.395723 -0.233565 0.123624 -0.698807 -0.710914 0.0173259 0.0604909 
163 0.395747 -0.23356 0.1237 -0.698791 -0.710936 0.0171955 0.0603687 
