0.000010 0.000000 -0.000000 0.000000 0.000000 -0.000000 -0.000000 0.000000 0.000010 -0.000000 -0.000000 0.000000 -0.000000 -0.000000 -0.000000 -0.000000 0.000010 -0.000000 -0.000000 0.000000 0.000000 0.000000 -0.000000 -0.000000 0.000011 0.000000 -0.000000 -0.000000 0.000000 0.000000 -0.000000 0.000000 0.000011 -0.000001 -0.000001 -0.000000 -0.000000 0.000000 -0.000000 -0.000001 0.000011 0.000001 -0.000000 -0.000000 0.000000 -0.000000 -0.000001 0.000001 0.000010 
0.000010 0.000000 -0.000000 0.000000 0.000000 -0.000000 -0.000000 0.000000 0.000010 -0.000000 -0.000000 0.000000 -0.000000 -0.000000 -0.000000 -0.000000 0.000010 -0.000000 -0.000000 0.000000 0.000000 0.000000 -0.000000 -0.000000 0.000011 0.000000 -0.000000 -0.000000 0.000000 0.000000 -0.000000 0.000000 0.000011 -0.000001 -0.000001 -0.000000 -0.000000 0.000000 -0.000000 -0.000001 0.000011 0.000001 -0.000000 -0.000000 0.000000 -0.000000 -0.000001 0.000001 0.000010 
0.000010 0.000000 -0.000000 0.000000 0.000000 -0.000000 -0.000000 0.000000 0.000010 -0.000000 -0.000000 0.000000 -0.000000 -0.000000 -0.000000 -0.000000 0.000010 -0.000000 -0.000000 0.000000 0.000000 0.000000 -0.000000 -0.000000 0.000011 0.000000 -0.000000 -0.000000 0.000000 0.000000 -0.000000 0.000000 0.000011 -0.000001 -0.000001 -0.000000 -0.000000 0.000000 -0.000000 -0.000001 0.000011 0.000001 -0.000000 -0.000000 0.000000 -0.000000 -0.000001 0.000001 0.000010 
0.000010 0.000000 -0.000000 0.000000 0.000000 -0.000000 -0.000000 0.000000 0.000010 -0.000000 -0.000000 0.000000 -0.000000 -0.000000 -0.000000 -0.000000 0.000010 -0.000000 -0.000000 0.000000 0.000000 0.000000 -0.000000 -0.000000 0.000011 0.000000 -0.000000 -0.000000 0.000000 0.000000 -0.000000 0.000000 0.000011 -0.000001 -0.000001 -0.000000 -0.000000 0.000000 -0.000000 -0.000001 0.000011 0.000001 -0.000000 -0.000000 0.000000 -0.000000 -0.000001 0.000001 0.000010 
0.000010 0.000000 -0.000000 0.000000 0.000000 -0.000000 -0.000000 0.000000 0.000010 -0.000000 -0.000000 0.000000 -0.000000 -0.000000 -0.000000 -0.000000 0.000010 -0.000000 -0.000000 0.000000 0.000000 0.000000 -0.000000 -0.000000 0.000011 0.000000 -0.000000 -0.000000 0.000000 0.000000 -0.000000 0.000000 0.000011 -0.000001 -0.000001 -0.000000 -0.000000 0.000000 -0.000000 -0.000001 0.000011 0.000001 -0.000000 -0.000000 0.000000 -0.000000 -0.000001 0.000001 0.000010 
0.000010 0.000000 -0.000000 0.000000 0.000000 -0.000000 -0.000000 0.000000 0.000010 -0.000000 -0.000000 0.000000 -0.000000 -0.000000 -0.000000 -0.000000 0.000010 -0.000000 -0.000000 0.000000 0.000000 0.000000 -0.000000 -0.000000 0.000011 0.000000 -0.000000 -0.000000 0.000000 0.000000 -0.000000 0.000000 0.000011 -0.000001 -0.000001 -0.000000 -0.000000 0.000000 -0.000000 -0.000001 0.000011 0.000001 -0.000000 -0.000000 0.000000 -0.000000 -0.000001 0.000001 0.000010 
0.000010 0.000000 -0.000000 0.000000 0.000000 -0.000000 -0.000000 0.000000 0.000010 -0.000000 -0.000000 0.000000 -0.000000 -0.000000 -0.000000 -0.000000 0.000010 -0.000000 -0.000000 0.000000 0.000000 0.000000 -0.000000 -0.000000 0.000011 0.000000 -0.000000 -0.000000 0.000000 0.000000 -0.000000 0.000000 0.000011 -0.000001 -0.000001 -0.000000 -0.000000 0.000000 -0.000000 -0.000001 0.000011 0.000001 -0.000000 -0.000000 0.000000 -0.000000 -0.000001 0.000001 0.000010 
0.000010 0.000000 -0.000000 0.000000 0.000000 -0.000000 -0.000000 0.000000 0.000010 -0.000000 -0.000000 0.000000 -0.000000 -0.000000 -0.000000 -0.000000 0.000010 -0.000000 -0.000000 0.000000 0.000000 0.000000 -0.000000 -0.000000 0.000011 0.000000 -0.000000 -0.000000 0.000000 0.000000 -0.000000 0.000000 0.000011 -0.000001 -0.000001 -0.000000 -0.000000 0.000000 -0.000000 -0.000001 0.000011 0.000001 -0.000000 -0.000000 0.000000 -0.000000 -0.000001 0.000001 0.000010 
0.000010 0.000000 -0.000000 0.000000 0.000000 -0.000000 -0.000000 0.000000 0.000010 -0.000000 -0.000000 0.000000 -0.000000 -0.000000 -0.000000 -0.000000 0.000010 -0.000000 -0.000000 0.000000 0.000000 0.000000 -0.000000 -0.000000 0.000011 0.000000 -0.000000 -0.000000 0.000000 0.000000 -0.000000 0.000000 0.000011 -0.000001 -0.000001 -0.000000 -0.000000 0.000000 -0.000000 -0.000001 0.000011 0.000001 -0.000000 -0.000000 0.000000 -0.000000 -0.000001 0.000001 0.000010 
0.000010 0.000000 -0.000000 0.000000 0.000000 -0.000000 -0.000000 0.000000 0.000010 -0.000000 -0.000000 0.000000 -0.000000 -0.000000 -0.000000 -0.000000 0.000010 -0.000000 -0.000000 0.000000 0.000000 0.000000 -0.000000 -0.000000 0.000011 0.000000 -0.000000 -0.000000 0.000000 0.000000 -0.000000 0.000000 0.000011 -0.000001 -0.000001 -0.000000 -0.000000 0.000000 -0.000000 -0.000001 0.000011 0.000001 -0.000000 -0.000000 0.000000 -0.000000 -0.000001 0.000001 0.000010 
0.000010 0.000000 -0.000000 0.000000 0.000000 -0.000000 -0.000000 0.000000 0.000010 -0.000000 -0.000000 0.000000 -0.000000 -0.000000 -0.000000 -0.000000 0.000010 -0.000000 -0.000000 0.000000 0.000000 0.000000 -0.000000 -0.000000 0.000011 0.000000 -0.000000 -0.000000 0.000000 0.000000 -0.000000 0.000000 0.000011 -0.000001 -0.000001 -0.000000 -0.000000 0.000000 -0.000000 -0.000001 0.000011 0.000001 -0.000000 -0.000000 0.000000 -0.000000 -0.000001 0.000001 0.000010 
0.000010 0.000000 -0.000000 0.000000 0.000000 -0.000000 -0.000000 0.000000 0.000010 -0.000000 -0.000000 0.000000 -0.000000 -0.000000 -0.000000 -0.000000 0.000010 -0.000000 -0.000000 0.000000 0.000000 0.000000 -0.000000 -0.000000 0.000011 0.000000 -0.000000 -0.000000 0.000000 0.000000 -0.000000 0.000000 0.000011 -0.000001 -0.000001 -0.000000 -0.000000 0.000000 -0.000000 -0.000001 0.000011 0.000001 -0.000000 -0.000000 0.000000 -0.000000 -0.000001 0.000001 0.000010 
0.000010 0.000000 -0.000000 0.000000 0.000000 -0.000000 -0.000000 0.000000 0.000010 -0.000000 -0.000000 0.000000 -0.000000 -0.000000 -0.000000 -0.000000 0.000010 -0.000000 -0.000000 0.000000 0.000000 0.000000 -0.000000 -0.000000 0.000011 0.000000 -0.000000 -0.000000 0.000000 0.000000 -0.000000 0.000000 0.000011 -0.000001 -0.000001 -0.000000 -0.000000 0.000000 -0.000000 -0.000001 0.000011 0.000001 -0.000000 -0.000000 0.000000 -0.000000 -0.000001 0.000001 0.000010 
0.000010 0.000000 -0.000000 0.000000 0.000000 -0.000000 -0.000000 0.000000 0.000010 -0.000000 -0.000000 0.000000 -0.000000 -0.000000 -0.000000 -0.000000 0.000010 -0.000000 -0.000000 0.000000 0.000000 0.000000 -0.000000 -0.000000 0.000010 0.000000 -0.000000 -0.000000 0.000000 0.000000 -0.000000 0.000000 0.000011 -0.000001 -0.000001 -0.000000 -0.000000 0.000000 -0.000000 -0.000001 0.000011 0.000001 -0.000000 -0.000000 0.000000 -0.000000 -0.000001 0.000001 0.000010 
0.000010 0.000000 -0.000000 0.000000 0.000000 -0.000000 -0.000000 0.000000 0.000010 -0.000000 -0.000000 0.000000 -0.000000 -0.000000 -0.000000 -0.000000 0.000010 -0.000000 -0.000000 0.000000 0.000000 0.000000 -0.000000 -0.000000 0.000010 0.000000 -0.000000 -0.000000 0.000000 0.000000 -0.000000 0.000000 0.000011 -0.000001 -0.000001 -0.000000 -0.000000 0.000000 -0.000000 -0.000001 0.000011 0.000001 -0.000000 -0.000000 0.000000 -0.000000 -0.000001 0.000001 0.000010 
0.000010 0.000000 -0.000000 0.000000 0.000000 -0.000000 -0.000000 0.000000 0.000010 -0.000000 -0.000000 0.000000 -0.000000 -0.000000 -0.000000 -0.000000 0.000010 -0.000000 -0.000000 0.000000 0.000000 0.000000 -0.000000 -0.000000 0.000010 0.000000 -0.000000 -0.000000 0.000000 0.000000 -0.000000 0.000000 0.000011 -0.000001 -0.000001 -0.000000 -0.000000 0.000000 -0.000000 -0.000001 0.000011 0.000001 -0.000000 -0.000000 0.000000 -0.000000 -0.000001 0.000001 0.000010 
0.000010 0.000000 -0.000000 0.000000 0.000000 -0.000000 -0.000000 0.000000 0.000010 -0.000000 -0.000000 0.000000 -0.000000 -0.000000 -0.000000 -0.000000 0.000010 -0.000000 -0.000000 0.000000 0.000000 0.000000 -0.000000 -0.000000 0.000010 0.000000 -0.000000 -0.000000 0.000000 0.000000 -0.000000 0.000000 0.000011 -0.000001 -0.000001 -0.000000 -0.000000 0.000000 -0.000000 -0.000001 0.000011 0.000001 -0.000000 -0.000000 0.000000 -0.000000 -0.000001 0.000001 0.000010 
0.000010 0.000000 -0.000000 0.000000 0.000000 -0.000000 -0.000000 0.000000 0.000010 -0.000000 -0.000000 0.000000 -0.000000 -0.000000 -0.000000 -0.000000 0.000010 -0.000000 -0.000000 0.000000 0.000000 0.000000 -0.000000 -0.000000 0.000010 0.000000 -0.000000 -0.000000 0.000000 0.000000 -0.000000 0.000000 0.000011 -0.000001 -0.000001 -0.000000 -0.000000 0.000000 -0.000000 -0.000001 0.000011 0.000001 -0.000000 -0.000000 0.000000 -0.000000 -0.000001 0.000001 0.000010 
0.000009 0.000000 -0.000000 0.000000 0.000000 -0.000000 -0.000000 0.000000 0.000010 -0.000000 -0.000000 0.000000 -0.000000 -0.000000 -0.000000 -0.000000 0.000010 -0.000000 -0.000000 0.000000 0.000000 0.000000 -0.000000 -0.000000 0.000010 0.000000 -0.000000 -0.000000 0.000000 0.000000 -0.000000 0.000000 0.000010 -0.000001 -0.000001 -0.000000 -0.000000 0.000000 -0.000000 -0.000001 0.000011 0.000001 -0.000000 -0.000000 0.000000 -0.000000 -0.000001 0.000001 0.000010 
0.000009 0.000000 -0.000000 0.000000 0.000000 -0.000000 -0.000000 0.000000 0.000009 -0.000000 -0.000000 0.000000 -0.000000 -0.000000 -0.000000 -0.000000 0.000009 -0.000000 -0.000000 0.000000 0.000000 0.000000 -0.000000 -0.000000 0.000010 0.000000 -0.000001 -0.000001 0.000000 0.000000 -0.000000 0.000000 0.000010 -0.000001 -0.000001 -0.000000 -0.000000 0.000000 -0.000001 -0.000001 0.000010 0.000001 -0.000000 -0.000000 0.000000 -0.000001 -0.000001 0.000001 0.000010 
0.000009 0.000000 -0.000000 0.000000 0.000000 -0.000000 -0.000000 0.000000 0.000009 -0.000000 -0.000000 0.000000 -0.000000 -0.000000 -0.000000 -0.000000 0.000009 -0.000000 -0.000000 0.000000 0.000000 0.000000 -0.000000 -0.000000 0.000009 0.000001 -0.000001 -0.000001 0.000000 0.000000 -0.000000 0.000001 0.000010 -0.000001 -0.000001 -0.000000 -0.000000 0.000000 -0.000001 -0.000001 0.000010 0.000001 -0.000000 -0.000000 0.000000 -0.000001 -0.000001 0.000001 0.000009 
0.000008 0.000000 -0.000000 0.000000 0.000000 -0.000000 -0.000000 0.000000 0.000008 -0.000000 0.000000 0.000000 -0.000000 -0.000000 -0.000000 -0.000000 0.000008 -0.000000 -0.000000 0.000000 0.000000 0.000000 0.000000 -0.000000 0.000009 0.000001 -0.000001 -0.000001 0.000000 0.000000 -0.000000 0.000001 0.000009 -0.000002 -0.000001 -0.000000 -0.000000 0.000000 -0.000001 -0.000002 0.000010 0.000002 -0.000000 -0.000000 0.000000 -0.000001 -0.000001 0.000002 0.000009 
0.000007 0.000000 -0.000000 0.000000 0.000000 -0.000000 -0.000000 0.000000 0.000007 -0.000000 0.000000 0.000000 -0.000000 -0.000000 -0.000000 -0.000000 0.000007 -0.000000 -0.000000 0.000001 0.000000 0.000000 0.000000 -0.000000 0.000009 0.000002 -0.000002 -0.000002 0.000000 0.000000 -0.000000 0.000002 0.000009 -0.000003 -0.000002 -0.000000 -0.000000 0.000001 -0.000002 -0.000003 0.000010 0.000003 -0.000000 -0.000000 0.000000 -0.000002 -0.000002 0.000003 0.000010 
0.000006 0.000000 -0.000000 0.000000 0.000000 -0.000000 -0.000000 0.000000 0.000006 -0.000000 0.000000 0.000000 -0.000000 -0.000000 -0.000000 -0.000000 0.000006 -0.000000 -0.000001 0.000001 0.000001 0.000000 0.000000 -0.000000 0.000009 0.000003 -0.000004 -0.000004 0.000000 0.000000 -0.000001 0.000003 0.000010 -0.000004 -0.000004 -0.000000 -0.000000 0.000001 -0.000004 -0.000004 0.000011 0.000005 -0.000000 -0.000000 0.000001 -0.000004 -0.000004 0.000005 0.000012 
0.000005 0.000000 -0.000000 0.000000 0.000000 -0.000000 -0.000000 0.000000 0.000005 -0.000000 0.000000 0.000000 -0.000000 -0.000000 -0.000000 -0.000000 0.000006 -0.000001 -0.000001 0.000001 0.000001 0.000000 0.000000 -0.000001 0.000011 0.000006 -0.000007 -0.000008 0.000000 0.000000 -0.000001 0.000006 0.000012 -0.000008 -0.000008 -0.000000 -0.000000 0.000001 -0.000007 -0.000008 0.000015 0.000010 -0.000000 -0.000000 0.000001 -0.000008 -0.000008 0.000010 0.000016 
0.000005 0.000000 -0.000000 0.000000 0.000000 -0.000000 -0.000000 0.000000 0.000005 -0.000000 0.000000 0.000000 -0.000000 -0.000000 -0.000000 -0.000000 0.000006 -0.000001 -0.000001 0.000002 0.000002 0.000000 0.000000 -0.000001 0.000015 0.000010 -0.000012 -0.000013 0.000000 0.000000 -0.000001 0.000010 0.000016 -0.000012 -0.000013 -0.000000 -0.000000 0.000002 -0.000012 -0.000012 0.000020 0.000016 -0.000000 -0.000000 0.000002 -0.000013 -0.000013 0.000016 0.000023 
0.000005 0.000000 -0.000000 0.000000 0.000000 -0.000000 -0.000000 0.000000 0.000005 -0.000000 0.000000 0.000000 -0.000001 -0.000001 -0.000000 -0.000000 0.000007 -0.000002 -0.000002 0.000003 0.000003 0.000000 0.000000 -0.000002 0.000020 0.000015 -0.000018 -0.000019 0.000000 0.000000 -0.000002 0.000015 0.000021 -0.000018 -0.000020 -0.000000 -0.000001 0.000003 -0.000018 -0.000018 0.000028 0.000024 -0.000000 -0.000001 0.000003 -0.000019 -0.000020 0.000024 0.000032 
0.000006 0.000000 -0.000000 0.000000 0.000000 -0.000000 -0.000000 0.000000 0.000006 -0.000000 0.000001 0.000001 -0.000001 -0.000001 -0.000000 -0.000000 0.000009 -0.000003 -0.000003 0.000004 0.000004 0.000000 0.000001 -0.000003 0.000026 0.000020 -0.000024 -0.000026 0.000000 0.000001 -0.000003 0.000020 0.000027 -0.000025 -0.000026 -0.000000 -0.000001 0.000004 -0.000024 -0.000025 0.000037 0.000033 -0.000000 -0.000001 0.000004 -0.000026 -0.000026 0.000033 0.000041 
0.000007 0.000000 -0.000000 0.000000 0.000000 -0.000000 -0.000000 0.000000 0.000007 -0.000000 0.000001 0.000001 -0.000001 -0.000001 -0.000000 -0.000000 0.000010 -0.000003 -0.000003 0.000005 0.000005 0.000000 0.000001 -0.000003 0.000031 0.000025 -0.000029 -0.000032 0.000000 0.000001 -0.000003 0.000025 0.000033 -0.000030 -0.000032 -0.000000 -0.000001 0.000005 -0.000029 -0.000030 0.000044 0.000040 -0.000000 -0.000001 0.000005 -0.000032 -0.000032 0.000040 0.000050 
0.000008 0.000000 -0.000000 0.000000 0.000001 -0.000001 -0.000001 0.000000 0.000008 -0.000000 0.000001 0.000001 -0.000001 -0.000001 -0.000000 -0.000000 0.000012 -0.000004 -0.000004 0.000006 0.000006 0.000000 0.000001 -0.000004 0.000036 0.000028 -0.000034 -0.000036 0.000001 0.000001 -0.000004 0.000028 0.000037 -0.000035 -0.000037 -0.000001 -0.000001 0.000006 -0.000034 -0.000035 0.000051 0.000046 -0.000001 -0.000001 0.000006 -0.000036 -0.000037 0.000046 0.000058 
0.000009 0.000000 -0.000000 0.000001 0.000001 -0.000001 -0.000001 0.000000 0.000009 -0.000000 0.000001 0.000001 -0.000001 -0.000001 -0.000000 -0.000000 0.000013 -0.000004 -0.000004 0.000006 0.000006 0.000001 0.000001 -0.000004 0.000039 0.000031 -0.000037 -0.000040 0.000001 0.000001 -0.000004 0.000031 0.000041 -0.000038 -0.000041 -0.000001 -0.000001 0.000006 -0.000037 -0.000038 0.000056 0.000051 -0.000001 -0.000001 0.000006 -0.000040 -0.000041 0.000051 0.000063 
0.000009 0.000000 -0.000000 0.000001 0.000001 -0.000001 -0.000001 0.000000 0.000009 -0.000000 0.000001 0.000001 -0.000001 -0.000001 -0.000000 -0.000000 0.000013 -0.000004 -0.000005 0.000007 0.000007 0.000001 0.000001 -0.000004 0.000041 0.000033 -0.000039 -0.000042 0.000001 0.000001 -0.000005 0.000033 0.000043 -0.000040 -0.000043 -0.000001 -0.000001 0.000007 -0.000039 -0.000040 0.000059 0.000054 -0.000001 -0.000001 0.000007 -0.000042 -0.000043 0.000054 0.000067 
0.000009 0.000000 -0.000000 0.000001 0.000001 -0.000001 -0.000001 0.000000 0.000009 -0.000001 0.000001 0.000001 -0.000001 -0.000001 -0.000000 -0.000001 0.000014 -0.000004 -0.000005 0.000007 0.000007 0.000001 0.000001 -0.000004 0.000043 0.000034 -0.000041 -0.000044 0.000001 0.000001 -0.000005 0.000034 0.000045 -0.000042 -0.000045 -0.000001 -0.000001 0.000007 -0.000041 -0.000042 0.000061 0.000056 -0.000001 -0.000001 0.000007 -0.000044 -0.000045 0.000056 0.000069 
0.000010 0.000000 -0.000000 0.000001 0.000001 -0.000001 -0.000001 0.000000 0.000010 -0.000001 0.000001 0.000001 -0.000001 -0.000001 -0.000000 -0.000001 0.000014 -0.000005 -0.000005 0.000007 0.000007 0.000001 0.000001 -0.000005 0.000044 0.000035 -0.000042 -0.000045 0.000001 0.000001 -0.000005 0.000035 0.000046 -0.000043 -0.000046 -0.000001 -0.000001 0.000007 -0.000042 -0.000043 0.000063 0.000057 -0.000001 -0.000001 0.000007 -0.000045 -0.000046 0.000057 0.000071 
0.000010 0.000000 -0.000000 0.000001 0.000001 -0.000001 -0.000001 0.000000 0.000010 -0.000001 0.000001 0.000001 -0.000001 -0.000001 -0.000000 -0.000001 0.000014 -0.000005 -0.000005 0.000007 0.000007 0.000001 0.000001 -0.000005 0.000044 0.000035 -0.000042 -0.000045 0.000001 0.000001 -0.000005 0.000035 0.000046 -0.000043 -0.000046 -0.000001 -0.000001 0.000007 -0.000042 -0.000043 0.000063 0.000058 -0.000001 -0.000001 0.000007 -0.000045 -0.000046 0.000058 0.000072 
0.000010 0.000000 -0.000000 0.000001 0.000001 -0.000001 -0.000001 0.000000 0.000010 -0.000001 0.000001 0.000001 -0.000001 -0.000001 -0.000000 -0.000001 0.000014 -0.000005 -0.000005 0.000007 0.000007 0.000001 0.000001 -0.000005 0.000044 0.000035 -0.000042 -0.000046 0.000001 0.000001 -0.000005 0.000035 0.000046 -0.000044 -0.000047 -0.000001 -0.000001 0.000007 -0.000042 -0.000044 0.000064 0.000058 -0.000001 -0.000001 0.000007 -0.000046 -0.000047 0.000058 0.000072 
0.000010 0.000000 -0.000000 0.000001 0.000001 -0.000001 -0.000001 0.000000 0.000010 -0.000001 0.000001 0.000001 -0.000001 -0.000001 -0.000000 -0.000001 0.000014 -0.000005 -0.000005 0.000007 0.000007 0.000001 0.000001 -0.000005 0.000044 0.000035 -0.000042 -0.000046 0.000001 0.000001 -0.000005 0.000035 0.000046 -0.000043 -0.000046 -0.000001 -0.000001 0.000007 -0.000042 -0.000043 0.000064 0.000058 -0.000001 -0.000001 0.000007 -0.000046 -0.000046 0.000058 0.000072 
0.000010 0.000000 -0.000000 0.000001 0.000001 -0.000001 -0.000001 0.000000 0.000010 -0.000001 0.000001 0.000001 -0.000001 -0.000001 -0.000000 -0.000001 0.000014 -0.000005 -0.000005 0.000007 0.000007 0.000001 0.000001 -0.000005 0.000044 0.000035 -0.000042 -0.000045 0.000001 0.000001 -0.000005 0.000035 0.000046 -0.000043 -0.000046 -0.000001 -0.000001 0.000007 -0.000042 -0.000043 0.000063 0.000057 -0.000001 -0.000001 0.000007 -0.000045 -0.000046 0.000057 0.000071 
0.000009 0.000000 -0.000000 0.000001 0.000001 -0.000001 -0.000001 0.000000 0.000009 -0.000001 0.000001 0.000001 -0.000001 -0.000001 -0.000000 -0.000001 0.000014 -0.000004 -0.000005 0.000007 0.000007 0.000001 0.000001 -0.000004 0.000043 0.000034 -0.000041 -0.000044 0.000001 0.000001 -0.000005 0.000034 0.000045 -0.000042 -0.000045 -0.000001 -0.000001 0.000007 -0.000041 -0.000042 0.000062 0.000056 -0.000001 -0.000001 0.000007 -0.000044 -0.000045 0.000056 0.000070 
0.000009 0.000000 -0.000000 0.000001 0.000001 -0.000001 -0.000001 0.000000 0.000009 -0.000000 0.000001 0.000001 -0.000001 -0.000001 -0.000000 -0.000000 0.000013 -0.000004 -0.000005 0.000007 0.000007 0.000001 0.000001 -0.000004 0.000041 0.000033 -0.000040 -0.000043 0.000001 0.000001 -0.000005 0.000033 0.000043 -0.000041 -0.000043 -0.000001 -0.000001 0.000007 -0.000040 -0.000041 0.000060 0.000054 -0.000001 -0.000001 0.000007 -0.000043 -0.000043 0.000054 0.000067 
0.000009 0.000000 -0.000000 0.000001 0.000001 -0.000001 -0.000001 0.000000 0.000009 -0.000000 0.000001 0.000001 -0.000001 -0.000001 -0.000000 -0.000000 0.000013 -0.000004 -0.000004 0.000006 0.000006 0.000001 0.000001 -0.000004 0.000039 0.000031 -0.000038 -0.000041 0.000001 0.000001 -0.000004 0.000031 0.000041 -0.000039 -0.000041 -0.000001 -0.000001 0.000006 -0.000038 -0.000039 0.000057 0.000052 -0.000001 -0.000001 0.000006 -0.000041 -0.000041 0.000052 0.000064 
0.000008 0.000000 -0.000000 0.000000 0.000001 -0.000001 -0.000001 0.000000 0.000008 -0.000000 0.000001 0.000001 -0.000001 -0.000001 -0.000000 -0.000000 0.000012 -0.000004 -0.000004 0.000006 0.000006 0.000000 0.000001 -0.000004 0.000036 0.000029 -0.000035 -0.000038 0.000001 0.000001 -0.000004 0.000029 0.000038 -0.000036 -0.000039 -0.000001 -0.000001 0.000006 -0.000035 -0.000036 0.000054 0.000049 -0.000001 -0.000001 0.000006 -0.000038 -0.000039 0.000049 0.000061 
0.000007 0.000000 -0.000000 0.000000 0.000000 -0.000001 -0.000001 0.000000 0.000007 -0.000000 0.000001 0.000001 -0.000001 -0.000001 -0.000000 -0.000000 0.000011 -0.000004 -0.000004 0.000006 0.000006 0.000000 0.000001 -0.000004 0.000033 0.000026 -0.000033 -0.000035 0.000000 0.000001 -0.000004 0.000026 0.000034 -0.000034 -0.000036 -0.000001 -0.000001 0.000006 -0.000033 -0.000034 0.000051 0.000047 -0.000001 -0.000001 0.000006 -0.000035 -0.000036 0.000047 0.000058 
0.000006 0.000000 -0.000000 0.000000 0.000000 -0.000001 -0.000001 0.000000 0.000006 -0.000000 0.000000 0.000000 -0.000001 -0.000001 -0.000000 -0.000000 0.000010 -0.000004 -0.000004 0.000006 0.000006 0.000000 0.000000 -0.000004 0.000030 0.000024 -0.000031 -0.000034 0.000000 0.000000 -0.000004 0.000024 0.000031 -0.000032 -0.000035 -0.000001 -0.000001 0.000006 -0.000031 -0.000032 0.000051 0.000048 -0.000001 -0.000001 0.000006 -0.000034 -0.000035 0.000048 0.000058 
0.000005 0.000000 -0.000000 0.000000 0.000000 -0.000001 -0.000001 0.000000 0.000005 -0.000000 0.000000 0.000000 -0.000000 -0.000000 -0.000000 -0.000000 0.000009 -0.000004 -0.000004 0.000006 0.000007 0.000000 0.000000 -0.000004 0.000028 0.000023 -0.000033 -0.000035 0.000000 0.000000 -0.000004 0.000023 0.000029 -0.000033 -0.000036 -0.000001 -0.000000 0.000006 -0.000033 -0.000033 0.000056 0.000054 -0.000001 -0.000000 0.000007 -0.000035 -0.000036 0.000054 0.000064 
0.000005 0.000000 -0.000000 0.000000 0.000000 -0.000001 -0.000001 0.000000 0.000005 -0.000000 0.000000 0.000000 0.000000 0.000000 -0.000000 -0.000000 0.000009 -0.000004 -0.000005 0.000008 0.000008 0.000000 0.000000 -0.000004 0.000029 0.000024 -0.000038 -0.000040 0.000000 0.000000 -0.000005 0.000024 0.000030 -0.000039 -0.000041 -0.000001 0.000000 0.000008 -0.000038 -0.000039 0.000068 0.000068 -0.000001 0.000000 0.000008 -0.000040 -0.000041 0.000068 0.000078 
0.000005 0.000000 -0.000000 0.000001 0.000001 -0.000001 -0.000001 0.000000 0.000005 -0.000000 -0.000000 -0.000000 0.000001 0.000001 -0.000000 -0.000000 0.000010 -0.000006 -0.000006 0.000010 0.000011 0.000001 -0.000000 -0.000006 0.000033 0.000028 -0.000047 -0.000050 0.000001 -0.000000 -0.000006 0.000028 0.000035 -0.000048 -0.000052 -0.000001 0.000001 0.000010 -0.000047 -0.000048 0.000088 0.000089 -0.000001 0.000001 0.000011 -0.000050 -0.000052 0.000089 0.000102 
0.000006 0.000000 -0.000000 0.000001 0.000001 -0.000001 -0.000001 0.000000 0.000006 -0.000000 -0.000000 -0.000000 0.000001 0.000001 -0.000000 -0.000000 0.000012 -0.000007 -0.000007 0.000013 0.000014 0.000001 -0.000000 -0.000007 0.000039 0.000034 -0.000059 -0.000063 0.000001 -0.000000 -0.000007 0.000034 0.000041 -0.000060 -0.000065 -0.000001 0.000001 0.000013 -0.000059 -0.000060 0.000113 0.000116 -0.000001 0.000001 0.000014 -0.000063 -0.000065 0.000116 0.000130 
0.000007 -0.000000 -0.000000 0.000001 0.000001 -0.000002 -0.000002 -0.000000 0.000007 0.000000 -0.000001 -0.000001 0.000001 0.000001 -0.000000 0.000000 0.000015 -0.000009 -0.000009 0.000016 0.000017 0.000001 -0.000001 -0.000009 0.000046 0.000040 -0.000071 -0.000077 0.000001 -0.000001 -0.000009 0.000040 0.000049 -0.000073 -0.000079 -0.000002 0.000001 0.000016 -0.000071 -0.000073 0.000139 0.000142 -0.000002 0.000001 0.000017 -0.000077 -0.000079 0.000142 0.000160 
0.000008 -0.000000 -0.000000 0.000001 0.000001 -0.000002 -0.000002 -0.000000 0.000008 0.000000 -0.000001 -0.000001 0.000002 0.000002 -0.000000 0.000000 0.000017 -0.000010 -0.000010 0.000018 0.000020 0.000001 -0.000001 -0.000010 0.000053 0.000046 -0.000082 -0.000088 0.000001 -0.000001 -0.000010 0.000046 0.000056 -0.000085 -0.000091 -0.000002 0.000002 0.000018 -0.000082 -0.000085 0.000161 0.000165 -0.000002 0.000002 0.000020 -0.000088 -0.000091 0.000165 0.000185 
0.000008 -0.000000 -0.000000 0.000001 0.000001 -0.000002 -0.000002 -0.000000 0.000009 0.000000 -0.000001 -0.000001 0.000002 0.000002 -0.000000 0.000000 0.000018 -0.000011 -0.000011 0.000020 0.000022 0.000001 -0.000001 -0.000011 0.000058 0.000051 -0.000091 -0.000098 0.000001 -0.000001 -0.000011 0.000051 0.000062 -0.000093 -0.000100 -0.000002 0.000002 0.000020 -0.000091 -0.000093 0.000178 0.000182 -0.000002 0.000002 0.000022 -0.000098 -0.000100 0.000182 0.000205 
0.000009 -0.000000 -0.000000 0.000001 0.000001 -0.000002 -0.000002 -0.000000 0.000009 0.000000 -0.000001 -0.000001 0.000002 0.000002 -0.000000 0.000000 0.000020 -0.000012 -0.000012 0.000022 0.000024 0.000001 -0.000001 -0.000012 0.000062 0.000054 -0.000097 -0.000104 0.000001 -0.000001 -0.000012 0.000054 0.000066 -0.000100 -0.000107 -0.000002 0.000002 0.000022 -0.000097 -0.000100 0.000190 0.000195 -0.000002 0.000002 0.000024 -0.000104 -0.000107 0.000195 0.000219 
0.000009 -0.000000 -0.000000 0.000001 0.000001 -0.000002 -0.000002 -0.000000 0.000009 0.000000 -0.000001 -0.000001 0.000002 0.000002 -0.000000 0.000000 0.000020 -0.000012 -0.000013 0.000023 0.000025 0.000001 -0.000001 -0.000012 0.000064 0.000056 -0.000101 -0.000109 0.000001 -0.000001 -0.000013 0.000056 0.000068 -0.000104 -0.000112 -0.000002 0.000002 0.000023 -0.000101 -0.000104 0.000198 0.000203 -0.000002 0.000002 0.000025 -0.000109 -0.000112 0.000203 0.000228 
0.000010 -0.000000 -0.000000 0.000001 0.000001 -0.000002 -0.000002 -0.000000 0.000010 0.000000 -0.000001 -0.000001 0.000002 0.000002 -0.000000 0.000000 0.000021 -0.000013 -0.000013 0.000023 0.000025 0.000001 -0.000001 -0.000013 0.000066 0.000058 -0.000104 -0.000112 0.000001 -0.000001 -0.000013 0.000058 0.000070 -0.000107 -0.000115 -0.000002 0.000002 0.000023 -0.000104 -0.000107 0.000203 0.000208 -0.000002 0.000002 0.000025 -0.000112 -0.000115 0.000208 0.000234 
0.000010 -0.000000 -0.000000 0.000001 0.000001 -0.000002 -0.000002 -0.000000 0.000010 0.000000 -0.000001 -0.000001 0.000002 0.000002 -0.000000 0.000000 0.000021 -0.000013 -0.000013 0.000023 0.000026 0.000001 -0.000001 -0.000013 0.000067 0.000059 -0.000105 -0.000113 0.000001 -0.000001 -0.000013 0.000059 0.000071 -0.000108 -0.000116 -0.000002 0.000002 0.000023 -0.000105 -0.000108 0.000205 0.000211 -0.000002 0.000002 0.000026 -0.000113 -0.000116 0.000211 0.000237 
0.000010 -0.000000 -0.000000 0.000001 0.000001 -0.000002 -0.000002 -0.000000 0.000010 0.000000 -0.000001 -0.000001 0.000002 0.000002 -0.000000 0.000000 0.000021 -0.000013 -0.000013 0.000024 0.000026 0.000001 -0.000001 -0.000013 0.000067 0.000059 -0.000105 -0.000113 0.000001 -0.000001 -0.000013 0.000059 0.000071 -0.000108 -0.000116 -0.000002 0.000002 0.000024 -0.000105 -0.000108 0.000206 0.000211 -0.000002 0.000002 0.000026 -0.000113 -0.000116 0.000211 0.000237 
0.000010 -0.000000 -0.000000 0.000001 0.000001 -0.000002 -0.000002 -0.000000 0.000010 0.000000 -0.000001 -0.000001 0.000002 0.000002 -0.000000 0.000000 0.000021 -0.000013 -0.000013 0.000023 0.000025 0.000001 -0.000001 -0.000013 0.000066 0.000058 -0.000104 -0.000112 0.000001 -0.000001 -0.000013 0.000058 0.000070 -0.000107 -0.000115 -0.000002 0.000002 0.000023 -0.000104 -0.000107 0.000204 0.000209 -0.000002 0.000002 0.000025 -0.000112 -0.000115 0.000209 0.000235 
0.000009 -0.000000 -0.000000 0.000001 0.000001 -0.000002 -0.000002 -0.000000 0.000010 0.000000 -0.000001 -0.000001 0.000002 0.000002 -0.000000 0.000000 0.000021 -0.000012 -0.000013 0.000023 0.000025 0.000001 -0.000001 -0.000012 0.000065 0.000057 -0.000102 -0.000110 0.000001 -0.000001 -0.000013 0.000057 0.000069 -0.000105 -0.000113 -0.000002 0.000002 0.000023 -0.000102 -0.000105 0.000200 0.000205 -0.000002 0.000002 0.000025 -0.000110 -0.000113 0.000205 0.000230 
0.000009 -0.000000 -0.000000 0.000001 0.000001 -0.000002 -0.000002 -0.000000 0.000009 0.000000 -0.000001 -0.000001 0.000002 0.000002 -0.000000 0.000000 0.000020 -0.000012 -0.000012 0.000022 0.000024 0.000001 -0.000001 -0.000012 0.000062 0.000055 -0.000098 -0.000106 0.000001 -0.000001 -0.000012 0.000055 0.000066 -0.000101 -0.000109 -0.000002 0.000002 0.000022 -0.000098 -0.000101 0.000193 0.000198 -0.000002 0.000002 0.000024 -0.000106 -0.000109 0.000198 0.000222 
0.000009 -0.000000 -0.000000 0.000001 0.000001 -0.000002 -0.000002 -0.000000 0.000009 0.000000 -0.000001 -0.000001 0.000002 0.000002 -0.000000 0.000000 0.000019 -0.000011 -0.000012 0.000021 0.000023 0.000001 -0.000001 -0.000011 0.000059 0.000052 -0.000093 -0.000100 0.000001 -0.000001 -0.000012 0.000052 0.000063 -0.000095 -0.000102 -0.000002 0.000002 0.000021 -0.000093 -0.000095 0.000182 0.000186 -0.000002 0.000002 0.000023 -0.000100 -0.000102 0.000186 0.000209 
0.000008 -0.000000 -0.000000 0.000001 0.000001 -0.000002 -0.000002 -0.000000 0.000008 0.000000 -0.000001 -0.000001 0.000002 0.000002 -0.000000 0.000000 0.000018 -0.000010 -0.000011 0.000019 0.000021 0.000001 -0.000001 -0.000010 0.000054 0.000047 -0.000085 -0.000091 0.000001 -0.000001 -0.000011 0.000047 0.000057 -0.000087 -0.000094 -0.000002 0.000002 0.000019 -0.000085 -0.000087 0.000167 0.000171 -0.000002 0.000002 0.000021 -0.000091 -0.000094 0.000171 0.000192 
0.000007 -0.000000 0.000000 0.000001 0.000001 -0.000002 -0.000002 -0.000000 0.000007 0.000000 -0.000001 -0.000001 0.000001 0.000002 0.000000 0.000000 0.000016 -0.000009 -0.000009 0.000017 0.000019 0.000001 -0.000001 -0.000009 0.000047 0.000041 -0.000074 -0.000080 0.000001 -0.000001 -0.000009 0.000041 0.000050 -0.000077 -0.000083 -0.000002 0.000001 0.000017 -0.000074 -0.000077 0.000148 0.000151 -0.000002 0.000002 0.000019 -0.000080 -0.000083 0.000151 0.000170 
0.000006 0.000000 0.000000 0.000001 0.000001 -0.000001 -0.000001 0.000000 0.000006 0.000000 -0.000001 -0.000001 0.000001 0.000001 0.000000 0.000000 0.000015 -0.000008 -0.000008 0.000015 0.000016 0.000001 -0.000001 -0.000008 0.000040 0.000034 -0.000063 -0.000067 0.000001 -0.000001 -0.000008 0.000034 0.000042 -0.000065 -0.000070 -0.000001 0.000001 0.000015 -0.000063 -0.000065 0.000127 0.000129 -0.000001 0.000001 0.000016 -0.000067 -0.000070 0.000129 0.000145 
0.000005 0.000000 0.000000 0.000001 0.000001 -0.000001 -0.000001 0.000000 0.000006 0.000000 -0.000000 -0.000001 0.000001 0.000001 0.000000 0.000000 0.000014 -0.000006 -0.000007 0.000013 0.000014 0.000001 -0.000000 -0.000006 0.000032 0.000027 -0.000051 -0.000054 0.000001 -0.000001 -0.000007 0.000027 0.000034 -0.000053 -0.000057 -0.000001 0.000001 0.000013 -0.000051 -0.000053 0.000107 0.000108 -0.000001 0.000001 0.000014 -0.000054 -0.000057 0.000108 0.000122 
0.000005 0.000000 0.000000 0.000000 0.000000 -0.000001 -0.000001 0.000000 0.000005 0.000000 -0.000000 -0.000000 0.000001 0.000001 0.000000 0.000000 0.000015 -0.000005 -0.000006 0.000012 0.000013 0.000000 -0.000000 -0.000005 0.000025 0.000021 -0.000041 -0.000043 0.000000 -0.000000 -0.000006 0.000021 0.000028 -0.000044 -0.000047 -0.000001 0.000001 0.000012 -0.000041 -0.000044 0.000093 0.000093 -0.000001 0.000001 0.000013 -0.000043 -0.000047 0.000093 0.000104 
0.000005 0.000000 0.000000 0.000000 0.000000 -0.000001 -0.000001 0.000000 0.000005 0.000000 -0.000000 -0.000000 0.000001 0.000001 0.000000 0.000000 0.000018 -0.000005 -0.000006 0.000012 0.000013 0.000000 -0.000000 -0.000005 0.000021 0.000017 -0.000034 -0.000037 0.000000 -0.000000 -0.000006 0.000017 0.000024 -0.000038 -0.000041 -0.000001 0.000001 0.000012 -0.000034 -0.000038 0.000088 0.000087 -0.000001 0.000001 0.000013 -0.000037 -0.000041 0.000087 0.000097 
0.000006 0.000000 0.000000 0.000000 0.000000 -0.000000 -0.000000 0.000000 0.000006 0.000000 -0.000000 -0.000000 0.000001 0.000001 0.000000 0.000000 0.000022 -0.000005 -0.000006 0.000014 0.000015 0.000000 -0.000000 -0.000005 0.000019 0.000015 -0.000032 -0.000034 0.000000 -0.000000 -0.000006 0.000015 0.000023 -0.000037 -0.000039 -0.000000 0.000001 0.000014 -0.000032 -0.000037 0.000091 0.000089 -0.000000 0.000001 0.000015 -0.000034 -0.000039 0.000089 0.000100 
0.000007 0.000000 0.000000 0.000000 0.000000 -0.000000 -0.000000 0.000000 0.000007 0.000001 -0.000000 -0.000000 0.000001 0.000001 0.000000 0.000001 0.000026 -0.000005 -0.000007 0.000015 0.000017 0.000000 -0.000000 -0.000005 0.000019 0.000014 -0.000033 -0.000035 0.000000 -0.000000 -0.000007 0.000014 0.000024 -0.000039 -0.000041 -0.000000 0.000001 0.000015 -0.000033 -0.000039 0.000100 0.000097 -0.000000 0.000001 0.000017 -0.000035 -0.000041 0.000097 0.000109 
0.000007 0.000000 0.000000 -0.000000 0.000000 -0.000000 -0.000000 0.000000 0.000008 0.000001 -0.000000 -0.000001 0.000001 0.000001 0.000000 0.000001 0.000029 -0.000006 -0.000008 0.000017 0.000019 -0.000000 -0.000000 -0.000006 0.000020 0.000015 -0.000035 -0.000037 0.000000 -0.000001 -0.000008 0.000015 0.000025 -0.000042 -0.000044 -0.000000 0.000001 0.000017 -0.000035 -0.000042 0.000110 0.000107 -0.000000 0.000001 0.000019 -0.000037 -0.000044 0.000107 0.000119 
0.000008 0.000000 0.000000 -0.000000 -0.000000 -0.000000 -0.000000 0.000000 0.000008 0.000001 -0.000001 -0.000001 0.000001 0.000002 0.000000 0.000001 0.000032 -0.000006 -0.000008 0.000019 0.000021 -0.000000 -0.000001 -0.000006 0.000021 0.000016 -0.000037 -0.000039 -0.000000 -0.000001 -0.000008 0.000016 0.000027 -0.000045 -0.000047 -0.000000 0.000001 0.000019 -0.000037 -0.000045 0.000119 0.000116 -0.000000 0.000002 0.000021 -0.000039 -0.000047 0.000116 0.000129 
0.000009 0.000000 0.000000 -0.000000 -0.000000 -0.000000 -0.000000 0.000000 0.000009 0.000001 -0.000001 -0.000001 0.000001 0.000002 0.000000 0.000001 0.000035 -0.000007 -0.000009 0.000020 0.000022 -0.000000 -0.000001 -0.000007 0.000022 0.000016 -0.000039 -0.000041 -0.000000 -0.000001 -0.000009 0.000016 0.000028 -0.000048 -0.000050 -0.000000 0.000001 0.000020 -0.000039 -0.000048 0.000127 0.000123 -0.000000 0.000002 0.000022 -0.000041 -0.000050 0.000123 0.000137 
0.000009 0.000000 0.000000 -0.000000 -0.000000 -0.000000 -0.000000 0.000000 0.000009 0.000001 -0.000001 -0.000001 0.000001 0.000002 0.000000 0.000001 0.000036 -0.000007 -0.000009 0.000021 0.000023 -0.000000 -0.000001 -0.000007 0.000023 0.000017 -0.000040 -0.000042 -0.000000 -0.000001 -0.000009 0.000017 0.000029 -0.000049 -0.000051 -0.000000 0.000001 0.000021 -0.000040 -0.000049 0.000131 0.000127 -0.000000 0.000002 0.000023 -0.000042 -0.000051 0.000127 0.000142 
0.000009 0.000000 0.000000 -0.000000 -0.000000 -0.000000 -0.000000 0.000000 0.000009 0.000001 -0.000001 -0.000001 0.000001 0.000002 0.000000 0.000001 0.000037 -0.000007 -0.000009 0.000021 0.000023 -0.000000 -0.000001 -0.000007 0.000023 0.000017 -0.000041 -0.000043 -0.000000 -0.000001 -0.000009 0.000017 0.000030 -0.000050 -0.000052 -0.000000 0.000001 0.000021 -0.000041 -0.000050 0.000133 0.000129 -0.000000 0.000002 0.000023 -0.000043 -0.000052 0.000129 0.000144 
0.000009 0.000000 0.000000 -0.000000 -0.000000 -0.000000 -0.000000 0.000000 0.000009 0.000001 -0.000001 -0.000001 0.000001 0.000002 0.000000 0.000001 0.000037 -0.000007 -0.000009 0.000021 0.000023 -0.000000 -0.000001 -0.000007 0.000023 0.000017 -0.000041 -0.000043 -0.000000 -0.000001 -0.000009 0.000017 0.000030 -0.000050 -0.000052 -0.000000 0.000001 0.000021 -0.000041 -0.000050 0.000134 0.000129 -0.000000 0.000002 0.000023 -0.000043 -0.000052 0.000129 0.000144 
0.000009 0.000000 0.000000 -0.000000 -0.000000 -0.000000 -0.000000 0.000000 0.000009 0.000001 -0.000001 -0.000001 0.000001 0.000002 0.000000 0.000001 0.000036 -0.000007 -0.000009 0.000021 0.000023 -0.000000 -0.000001 -0.000007 0.000023 0.000017 -0.000040 -0.000042 -0.000000 -0.000001 -0.000009 0.000017 0.000029 -0.000049 -0.000051 -0.000000 0.000001 0.000021 -0.000040 -0.000049 0.000132 0.000128 -0.000000 0.000002 0.000023 -0.000042 -0.000051 0.000128 0.000143 
0.000009 0.000000 0.000000 -0.000000 -0.000000 -0.000000 -0.000000 0.000000 0.000009 0.000001 -0.000001 -0.000001 0.000001 0.000002 0.000000 0.000001 0.000035 -0.000007 -0.000009 0.000020 0.000022 -0.000000 -0.000001 -0.000007 0.000022 0.000016 -0.000039 -0.000041 -0.000000 -0.000001 -0.000009 0.000016 0.000028 -0.000048 -0.000050 -0.000000 0.000001 0.000020 -0.000039 -0.000048 0.000128 0.000124 -0.000000 0.000002 0.000022 -0.000041 -0.000050 0.000124 0.000139 
0.000008 0.000000 0.000000 -0.000000 -0.000000 -0.000000 -0.000000 0.000000 0.000008 0.000001 -0.000001 -0.000001 0.000001 0.000002 0.000000 0.000001 0.000033 -0.000006 -0.000008 0.000019 0.000021 -0.000000 -0.000001 -0.000006 0.000021 0.000015 -0.000038 -0.000039 -0.000000 -0.000001 -0.000008 0.000015 0.000027 -0.000046 -0.000048 -0.000000 0.000001 0.000019 -0.000038 -0.000046 0.000124 0.000120 -0.000000 0.000002 0.000021 -0.000039 -0.000048 0.000120 0.000134 
0.000008 0.000000 0.000000 -0.000000 -0.000000 -0.000000 -0.000000 0.000000 0.000008 0.000001 -0.000000 -0.000001 0.000001 0.000001 0.000000 0.000001 0.000031 -0.000006 -0.000007 0.000017 0.000019 -0.000000 -0.000000 -0.000006 0.000020 0.000014 -0.000035 -0.000037 -0.000000 -0.000001 -0.000007 0.000014 0.000025 -0.000044 -0.000045 -0.000000 0.000001 0.000017 -0.000035 -0.000044 0.000119 0.000115 -0.000000 0.000001 0.000019 -0.000037 -0.000045 0.000115 0.000128 
0.000007 0.000000 0.000000 -0.000000 0.000000 -0.000000 -0.000000 0.000000 0.000007 0.000001 -0.000000 -0.000000 0.000001 0.000001 0.000000 0.000001 0.000028 -0.000005 -0.000006 0.000014 0.000016 -0.000000 -0.000000 -0.000005 0.000018 0.000013 -0.000033 -0.000035 0.000000 -0.000000 -0.000006 0.000013 0.000023 -0.000041 -0.000043 -0.000000 0.000001 0.000014 -0.000033 -0.000041 0.000115 0.000112 -0.000000 0.000001 0.000016 -0.000035 -0.000043 0.000112 0.000123 
0.000006 0.000000 0.000000 0.000000 0.000000 -0.000001 -0.000001 0.000000 0.000006 0.000001 -0.000000 -0.000000 0.000001 0.000001 0.000000 0.000001 0.000024 -0.000004 -0.000005 0.000011 0.000012 0.000000 -0.000000 -0.000004 0.000016 0.000012 -0.000032 -0.000033 0.000000 -0.000000 -0.000005 0.000012 0.000022 -0.000040 -0.000042 -0.000001 0.000001 0.000011 -0.000032 -0.000040 0.000116 0.000113 -0.000001 0.000001 0.000012 -0.000033 -0.000042 0.000113 0.000123 
0.000005 0.000000 0.000000 0.000000 0.000000 -0.000001 -0.000001 0.000000 0.000006 0.000000 -0.000000 -0.000000 0.000001 0.000001 0.000000 0.000000 0.000021 -0.000003 -0.000003 0.000007 0.000008 0.000000 -0.000000 -0.000003 0.000015 0.000012 -0.000032 -0.000033 0.000000 -0.000000 -0.000003 0.000012 0.000020 -0.000041 -0.000042 -0.000001 0.000001 0.000007 -0.000032 -0.000041 0.000125 0.000122 -0.000001 0.000001 0.000008 -0.000033 -0.000042 0.000122 0.000131 
0.000005 0.000000 0.000000 0.000000 0.000000 -0.000001 -0.000001 0.000000 0.000005 0.000000 -0.000000 -0.000000 0.000001 0.000001 0.000000 0.000000 0.000019 -0.000001 -0.000002 0.000003 0.000003 0.000000 -0.000000 -0.000001 0.000015 0.000012 -0.000035 -0.000036 0.000000 -0.000000 -0.000002 0.000012 0.000021 -0.000046 -0.000047 -0.000001 0.000001 0.000003 -0.000035 -0.000046 0.000147 0.000144 -0.000001 0.000001 0.000003 -0.000036 -0.000047 0.000144 0.000151 
0.000005 0.000000 0.000000 0.000000 0.000000 -0.000002 -0.000002 0.000000 0.000005 0.000000 -0.000000 -0.000000 0.000001 0.000001 0.000000 0.000000 0.000018 -0.000000 0.000000 -0.000002 -0.000001 0.000000 -0.000000 -0.000000 0.000015 0.000013 -0.000041 -0.000042 0.000000 -0.000000 0.000000 0.000013 0.000023 -0.000055 -0.000056 -0.000002 0.000001 -0.000002 -0.000041 -0.000055 0.000183 0.000179 -0.000002 0.000001 -0.000001 -0.000042 -0.000056 0.000179 0.000186 
0.000005 0.000000 0.000000 0.000000 0.000001 -0.000002 -0.000002 0.000000 0.000005 0.000000 -0.000000 -0.000001 0.000001 0.000001 0.000000 0.000000 0.000018 0.000001 0.000002 -0.000007 -0.000006 0.000000 -0.000000 0.000001 0.000017 0.000015 -0.000050 -0.000050 0.000001 -0.000001 0.000002 0.000015 0.000026 -0.000067 -0.000068 -0.000002 0.000001 -0.000007 -0.000050 -0.000067 0.000229 0.000225 -0.000002 0.000001 -0.000006 -0.000050 -0.000068 0.000225 0.000232 
0.000006 0.000000 0.000000 0.000001 0.000001 -0.000003 -0.000003 0.000000 0.000006 0.000000 -0.000000 -0.000001 0.000001 0.000002 0.000000 0.000000 0.000020 0.000002 0.000003 -0.000011 -0.000010 0.000001 -0.000000 0.000002 0.000019 0.000018 -0.000060 -0.000060 0.000001 -0.000001 0.000003 0.000018 0.000030 -0.000081 -0.000082 -0.000003 0.000001 -0.000011 -0.000060 -0.000081 0.000279 0.000275 -0.000003 0.000002 -0.000010 -0.000060 -0.000082 0.000275 0.000282 
0.000006 0.000000 0.000000 0.000001 0.000001 -0.000003 -0.000003 0.000000 0.000007 0.000000 -0.000000 -0.000001 0.000001 0.000002 0.000000 0.000000 0.000022 0.000003 0.000004 -0.000014 -0.000013 0.000001 -0.000000 0.000003 0.000022 0.000021 -0.000069 -0.000070 0.000001 -0.000001 0.000004 0.000021 0.000035 -0.000094 -0.000095 -0.000003 0.000001 -0.000014 -0.000069 -0.000094 0.000327 0.000321 -0.000003 0.000002 -0.000013 -0.000070 -0.000095 0.000321 0.000329 
0.000007 0.000000 0.000000 0.000001 0.000001 -0.000004 -0.000004 0.000000 0.000007 0.000000 -0.000001 -0.000001 0.000002 0.000002 0.000000 0.000000 0.000023 0.000003 0.000005 -0.000016 -0.000015 0.000001 -0.000001 0.000003 0.000024 0.000023 -0.000077 -0.000077 0.000001 -0.000001 0.000005 0.000023 0.000038 -0.000104 -0.000105 -0.000004 0.000002 -0.000016 -0.000077 -0.000104 0.000364 0.000358 -0.000004 0.000002 -0.000015 -0.000077 -0.000105 0.000358 0.000367 
0.000007 0.000000 0.000000 0.000001 0.000001 -0.000004 -0.000004 0.000000 0.000008 0.000000 -0.000001 -0.000001 0.000002 0.000002 0.000000 0.000000 0.000025 0.000004 0.000005 -0.000018 -0.000017 0.000001 -0.000001 0.000004 0.000026 0.000024 -0.000082 -0.000083 0.000001 -0.000001 0.000005 0.000024 0.000041 -0.000112 -0.000113 -0.000004 0.000002 -0.000018 -0.000082 -0.000112 0.000391 0.000384 -0.000004 0.000002 -0.000017 -0.000083 -0.000113 0.000384 0.000393 
0.000008 0.000000 0.000000 0.000001 0.000001 -0.000004 -0.000004 0.000000 0.000008 0.000000 -0.000001 -0.000001 0.000002 0.000002 0.000000 0.000000 0.000026 0.000004 0.000006 -0.000018 -0.000017 0.000001 -0.000001 0.000004 0.000027 0.000025 -0.000085 -0.000086 0.000001 -0.000001 0.000006 0.000025 0.000042 -0.000116 -0.000116 -0.000004 0.000002 -0.000018 -0.000085 -0.000116 0.000405 0.000398 -0.000004 0.000002 -0.000017 -0.000086 -0.000116 0.000398 0.000407 
0.000008 0.000000 0.000000 0.000001 0.000001 -0.000004 -0.000004 0.000000 0.000008 0.000000 -0.000001 -0.000001 0.000002 0.000002 0.000000 0.000000 0.000026 0.000004 0.000006 -0.000019 -0.000018 0.000001 -0.000001 0.000004 0.000027 0.000025 -0.000086 -0.000086 0.000001 -0.000001 0.000006 0.000025 0.000042 -0.000117 -0.000117 -0.000004 0.000002 -0.000019 -0.000086 -0.000117 0.000409 0.000402 -0.000004 0.000002 -0.000018 -0.000086 -0.000117 0.000402 0.000411 
0.000008 0.000000 0.000000 0.000001 0.000001 -0.000004 -0.000004 0.000000 0.000008 0.000000 -0.000001 -0.000001 0.000002 0.000002 0.000000 0.000000 0.000025 0.000004 0.000006 -0.000018 -0.000017 0.000001 -0.000001 0.000004 0.000026 0.000025 -0.000084 -0.000085 0.000001 -0.000001 0.000006 0.000025 0.000042 -0.000115 -0.000116 -0.000004 0.000002 -0.000018 -0.000084 -0.000115 0.000403 0.000396 -0.000004 0.000002 -0.000017 -0.000085 -0.000116 0.000396 0.000405 
0.000007 0.000000 0.000000 0.000001 0.000001 -0.000004 -0.000004 0.000000 0.000008 0.000000 -0.000001 -0.000001 0.000002 0.000002 0.000000 0.000000 0.000025 0.000004 0.000005 -0.000018 -0.000017 0.000001 -0.000001 0.000004 0.000026 0.000024 -0.000081 -0.000082 0.000001 -0.000001 0.000005 0.000024 0.000040 -0.000111 -0.000111 -0.000004 0.000002 -0.000018 -0.000081 -0.000111 0.000389 0.000382 -0.000004 0.000002 -0.000017 -0.000082 -0.000111 0.000382 0.000391 
0.000007 0.000000 0.000000 0.000001 0.000001 -0.000003 -0.000003 0.000000 0.000007 0.000000 -0.000000 -0.000001 0.000001 0.000002 0.000000 0.000000 0.000024 0.000004 0.000005 -0.000017 -0.000016 0.000001 -0.000000 0.000004 0.000024 0.000023 -0.000077 -0.000077 0.000001 -0.000001 0.000005 0.000023 0.000038 -0.000104 -0.000105 -0.000003 0.000001 -0.000017 -0.000077 -0.000104 0.000369 0.000362 -0.000003 0.000002 -0.000016 -0.000077 -0.000105 0.000362 0.000370 
0.000007 0.000000 0.000000 0.000001 0.000001 -0.000003 -0.000003 0.000000 0.000007 0.000000 -0.000000 -0.000001 0.000001 0.000002 0.000000 0.000000 0.000023 0.000003 0.000005 -0.000015 -0.000014 0.000001 -0.000000 0.000003 0.000022 0.000021 -0.000071 -0.000071 0.000001 -0.000001 0.000005 0.000021 0.000035 -0.000096 -0.000097 -0.000003 0.000001 -0.000015 -0.000071 -0.000096 0.000343 0.000336 -0.000003 0.000002 -0.000014 -0.000071 -0.000097 0.000336 0.000344 
0.000006 0.000000 0.000000 0.000001 0.000001 -0.000003 -0.000003 0.000000 0.000006 0.000000 -0.000000 -0.000001 0.000001 0.000001 0.000000 0.000000 0.000021 0.000003 0.000004 -0.000014 -0.000013 0.000001 -0.000000 0.000003 0.000020 0.000019 -0.000064 -0.000064 0.000001 -0.000001 0.000004 0.000019 0.000032 -0.000087 -0.000087 -0.000003 0.000001 -0.000014 -0.000064 -0.000087 0.000312 0.000305 -0.000003 0.000001 -0.000013 -0.000064 -0.000087 0.000305 0.000312 
0.000006 0.000000 0.000000 0.000001 0.000001 -0.000002 -0.000002 0.000000 0.000006 0.000000 -0.000000 -0.000000 0.000001 0.000001 0.000000 0.000000 0.000020 0.000002 0.000004 -0.000012 -0.000011 0.000001 -0.000000 0.000002 0.000018 0.000016 -0.000056 -0.000056 0.000001 -0.000000 0.000004 0.000016 0.000028 -0.000076 -0.000077 -0.000002 0.000001 -0.000012 -0.000056 -0.000076 0.000278 0.000271 -0.000002 0.000001 -0.000011 -0.000056 -0.000077 0.000271 0.000278 
0.000005 0.000000 0.000000 0.000000 0.000000 -0.000002 -0.000002 0.000000 0.000006 0.000000 -0.000000 -0.000000 0.000000 0.000001 0.000000 0.000000 0.000019 0.000002 0.000003 -0.000010 -0.000009 0.000000 -0.000000 0.000002 0.000016 0.000014 -0.000048 -0.000048 0.000000 -0.000000 0.000003 0.000014 0.000024 -0.000065 -0.000065 -0.000002 0.000000 -0.000010 -0.000048 -0.000065 0.000243 0.000236 -0.000002 0.000001 -0.000009 -0.000048 -0.000065 0.000236 0.000242 
0.000005 -0.000000 0.000000 0.000000 0.000000 -0.000001 -0.000001 -0.000000 0.000005 0.000000 -0.000000 -0.000000 -0.000000 0.000000 0.000000 0.000000 0.000018 0.000002 0.000003 -0.000008 -0.000006 0.000000 -0.000000 0.000002 0.000014 0.000011 -0.000039 -0.000039 0.000000 -0.000000 0.000003 0.000011 0.000021 -0.000054 -0.000053 -0.000001 -0.000000 -0.000008 -0.000039 -0.000054 0.000210 0.000203 -0.000001 0.000000 -0.000006 -0.000039 -0.000053 0.000203 0.000207 
0.000005 -0.000000 0.000000 0.000000 0.000000 -0.000000 -0.000000 -0.000000 0.000005 0.000000 -0.000000 -0.000000 -0.000001 -0.000000 0.000000 0.000000 0.000018 0.000001 0.000002 -0.000005 -0.000004 0.000000 -0.000000 0.000001 0.000012 0.000009 -0.000032 -0.000031 0.000000 -0.000000 0.000002 0.000009 0.000017 -0.000043 -0.000043 -0.000000 -0.000001 -0.000005 -0.000032 -0.000043 0.000182 0.000174 -0.000000 -0.000000 -0.000004 -0.000031 -0.000043 0.000174 0.000177 
0.000005 -0.000000 0.000000 0.000000 0.000000 0.000000 0.000000 -0.000000 0.000005 0.000000 0.000000 -0.000000 -0.000001 -0.000001 0.000000 0.000000 0.000019 0.000001 0.000002 -0.000004 -0.000002 0.000000 0.000000 0.000001 0.000010 0.000007 -0.000025 -0.000025 0.000000 -0.000000 0.000002 0.000007 0.000015 -0.000034 -0.000034 0.000000 -0.000001 -0.000004 -0.000025 -0.000034 0.000161 0.000152 0.000000 -0.000001 -0.000002 -0.000025 -0.000034 0.000152 0.000154 
0.000006 -0.000000 0.000000 0.000000 -0.000000 0.000001 0.000001 -0.000000 0.000006 0.000000 0.000000 0.000000 -0.000002 -0.000001 0.000000 0.000000 0.000021 0.000000 0.000002 -0.000002 -0.000000 0.000000 0.000000 0.000000 0.000009 0.000005 -0.000020 -0.000019 -0.000000 0.000000 0.000002 0.000005 0.000013 -0.000027 -0.000026 0.000001 -0.000002 -0.000002 -0.000020 -0.000027 0.000148 0.000137 0.000001 -0.000001 -0.000000 -0.000019 -0.000026 0.000137 0.000139 
0.000006 -0.000000 0.000000 0.000000 -0.000000 0.000002 0.000001 -0.000000 0.000006 0.000000 0.000000 0.000000 -0.000002 -0.000002 0.000000 0.000000 0.000023 0.000000 0.000001 -0.000001 0.000001 0.000000 0.000000 0.000000 0.000009 0.000004 -0.000017 -0.000016 -0.000000 0.000000 0.000001 0.000004 0.000012 -0.000023 -0.000021 0.000002 -0.000002 -0.000001 -0.000017 -0.000023 0.000144 0.000131 0.000001 -0.000002 0.000001 -0.000016 -0.000021 0.000131 0.000133 
0.000007 -0.000000 0.000000 -0.000000 -0.000000 0.000002 0.000002 -0.000000 0.000007 0.000000 0.000000 0.000000 -0.000003 -0.000002 0.000000 0.000000 0.000026 -0.000000 0.000001 0.000000 0.000003 -0.000000 0.000000 -0.000000 0.000009 0.000003 -0.000015 -0.000014 -0.000000 0.000000 0.000001 0.000003 0.000011 -0.000020 -0.000018 0.000002 -0.000003 0.000000 -0.000015 -0.000020 0.000145 0.000131 0.000002 -0.000002 0.000003 -0.000014 -0.000018 0.000131 0.000132 
0.000008 -0.000000 0.000000 -0.000000 -0.000000 0.000003 0.000002 -0.000000 0.000008 0.000000 0.000000 0.000000 -0.000003 -0.000002 0.000000 0.000000 0.000028 -0.000000 0.000001 0.000001 0.000004 -0.000000 0.000000 -0.000000 0.000009 0.000002 -0.000014 -0.000013 -0.000000 0.000000 0.000001 0.000002 0.000011 -0.000019 -0.000017 0.000003 -0.000003 0.000001 -0.000014 -0.000019 0.000151 0.000135 0.000002 -0.000002 0.000004 -0.000013 -0.000017 0.000135 0.000136 
0.000008 -0.000000 0.000000 -0.000000 -0.000000 0.000003 0.000003 -0.000000 0.000008 0.000000 0.000000 0.000000 -0.000004 -0.000003 0.000000 0.000000 0.000030 -0.000000 0.000001 0.000001 0.000004 -0.000000 0.000000 -0.000000 0.000010 0.000002 -0.000014 -0.000012 -0.000000 0.000000 0.000001 0.000002 0.000011 -0.000018 -0.000016 0.000003 -0.000004 0.000001 -0.000014 -0.000018 0.000158 0.000140 0.000003 -0.000003 0.000004 -0.000012 -0.000016 0.000140 0.000142 
0.000009 -0.000000 0.000000 -0.000000 -0.000000 0.000003 0.000003 -0.000000 0.000009 0.000000 0.000000 0.000000 -0.000004 -0.000003 0.000000 0.000000 0.000032 -0.000000 0.000001 0.000002 0.000005 -0.000000 0.000000 -0.000000 0.000010 0.000002 -0.000014 -0.000012 -0.000000 0.000000 0.000001 0.000002 0.000012 -0.000018 -0.000016 0.000003 -0.000004 0.000002 -0.000014 -0.000018 0.000165 0.000146 0.000003 -0.000003 0.000005 -0.000012 -0.000016 0.000146 0.000147 
0.000009 -0.000000 0.000000 -0.000000 -0.000000 0.000003 0.000003 -0.000000 0.000009 0.000000 0.000000 0.000000 -0.000004 -0.000003 0.000000 0.000000 0.000034 -0.000000 0.000001 0.000002 0.000005 -0.000000 0.000000 -0.000000 0.000011 0.000002 -0.000014 -0.000012 -0.000000 0.000000 0.000001 0.000002 0.000012 -0.000019 -0.000016 0.000003 -0.000004 0.000002 -0.000014 -0.000019 0.000170 0.000150 0.000003 -0.000003 0.000005 -0.000012 -0.000016 0.000150 0.000152 
0.000009 -0.000000 0.000000 -0.000000 -0.000000 0.000003 0.000003 -0.000000 0.000009 0.000000 0.000000 0.000000 -0.000004 -0.000003 0.000000 0.000000 0.000034 -0.000000 0.000001 0.000002 0.000005 -0.000000 0.000000 -0.000000 0.000011 0.000002 -0.000014 -0.000012 -0.000000 0.000000 0.000001 0.000002 0.000012 -0.000019 -0.000017 0.000003 -0.000004 0.000002 -0.000014 -0.000019 0.000174 0.000153 0.000003 -0.000003 0.000005 -0.000012 -0.000017 0.000153 0.000155 
0.000009 -0.000000 0.000000 -0.000000 -0.000000 0.000003 0.000003 -0.000000 0.000009 0.000000 0.000000 0.000000 -0.000004 -0.000003 0.000000 0.000000 0.000035 -0.000000 0.000001 0.000002 0.000005 -0.000000 0.000000 -0.000000 0.000011 0.000002 -0.000014 -0.000012 -0.000000 0.000000 0.000001 0.000002 0.000012 -0.000019 -0.000017 0.000003 -0.000004 0.000002 -0.000014 -0.000019 0.000175 0.000154 0.000003 -0.000003 0.000005 -0.000012 -0.000017 0.000154 0.000156 
0.000009 -0.000000 0.000000 -0.000000 -0.000000 0.000003 0.000003 -0.000000 0.000009 0.000000 0.000000 0.000000 -0.000004 -0.000003 0.000000 0.000000 0.000034 -0.000000 0.000001 0.000002 0.000005 -0.000000 0.000000 -0.000000 0.000011 0.000002 -0.000014 -0.000012 -0.000000 0.000000 0.000001 0.000002 0.000012 -0.000019 -0.000017 0.000003 -0.000004 0.000002 -0.000014 -0.000019 0.000174 0.000154 0.000003 -0.000003 0.000005 -0.000012 -0.000017 0.000154 0.000155 
0.000009 -0.000000 0.000000 -0.000000 -0.000000 0.000003 0.000003 -0.000000 0.000009 0.000000 0.000000 0.000000 -0.000004 -0.000003 0.000000 0.000000 0.000034 -0.000000 0.000001 0.000002 0.000005 -0.000000 0.000000 -0.000000 0.000011 0.000002 -0.000014 -0.000012 -0.000000 0.000000 0.000001 0.000002 0.000012 -0.000018 -0.000016 0.000003 -0.000004 0.000002 -0.000014 -0.000018 0.000171 0.000151 0.000003 -0.000003 0.000005 -0.000012 -0.000016 0.000151 0.000153 
0.000009 -0.000000 0.000000 -0.000000 -0.000000 0.000003 0.000003 -0.000000 0.000009 0.000000 0.000000 0.000000 -0.000004 -0.000003 0.000000 0.000000 0.000033 -0.000000 0.000001 0.000002 0.000005 -0.000000 0.000000 -0.000000 0.000010 0.000002 -0.000013 -0.000012 -0.000000 0.000000 0.000001 0.000002 0.000012 -0.000018 -0.000016 0.000003 -0.000004 0.000002 -0.000013 -0.000018 0.000167 0.000147 0.000003 -0.000003 0.000005 -0.000012 -0.000016 0.000147 0.000148 
0.000008 -0.000000 0.000000 -0.000000 -0.000000 0.000003 0.000003 -0.000000 0.000009 0.000000 0.000000 0.000000 -0.000004 -0.000003 0.000000 0.000000 0.000032 -0.000000 0.000001 0.000002 0.000005 -0.000000 0.000000 -0.000000 0.000010 0.000002 -0.000013 -0.000011 -0.000000 0.000000 0.000001 0.000002 0.000011 -0.000017 -0.000015 0.000003 -0.000004 0.000002 -0.000013 -0.000017 0.000160 0.000142 0.000003 -0.000003 0.000005 -0.000011 -0.000015 0.000142 0.000143 
0.000008 -0.000000 0.000000 -0.000000 -0.000000 0.000003 0.000003 -0.000000 0.000008 0.000000 0.000000 0.000000 -0.000004 -0.000003 0.000000 0.000000 0.000030 -0.000000 0.000001 0.000002 0.000005 -0.000000 0.000000 -0.000000 0.000009 0.000002 -0.000012 -0.000011 -0.000000 0.000000 0.000001 0.000002 0.000011 -0.000016 -0.000014 0.000003 -0.000004 0.000002 -0.000012 -0.000016 0.000153 0.000135 0.000003 -0.000003 0.000005 -0.000011 -0.000014 0.000135 0.000136 
0.000008 -0.000000 0.000000 -0.000000 -0.000000 0.000003 0.000002 -0.000000 0.000008 0.000000 0.000000 0.000000 -0.000003 -0.000003 0.000000 0.000000 0.000028 -0.000000 0.000001 0.000002 0.000005 -0.000000 0.000000 -0.000000 0.000009 0.000002 -0.000011 -0.000010 -0.000000 0.000000 0.000001 0.000002 0.000010 -0.000015 -0.000013 0.000003 -0.000003 0.000002 -0.000011 -0.000015 0.000144 0.000127 0.000002 -0.000003 0.000005 -0.000010 -0.000013 0.000127 0.000129 
0.000007 -0.000000 0.000000 -0.000000 -0.000000 0.000002 0.000002 -0.000000 0.000007 0.000000 0.000000 0.000000 -0.000003 -0.000002 0.000000 0.000000 0.000026 -0.000000 0.000001 0.000002 0.000005 -0.000000 0.000000 -0.000000 0.000008 0.000001 -0.000010 -0.000009 -0.000000 0.000000 0.000001 0.000001 0.000009 -0.000014 -0.000012 0.000002 -0.000003 0.000002 -0.000010 -0.000014 0.000135 0.000119 0.000002 -0.000002 0.000005 -0.000009 -0.000012 0.000119 0.000121 
0.000007 -0.000000 0.000000 -0.000000 -0.000000 0.000002 0.000002 -0.000000 0.000007 0.000000 0.000000 0.000000 -0.000003 -0.000002 0.000000 0.000000 0.000024 -0.000000 0.000001 0.000003 0.000005 -0.000000 0.000000 -0.000000 0.000008 0.000001 -0.000009 -0.000008 -0.000000 0.000000 0.000001 0.000001 0.000009 -0.000013 -0.000011 0.000002 -0.000003 0.000003 -0.000009 -0.000013 0.000125 0.000111 0.000002 -0.000002 0.000005 -0.000008 -0.000011 0.000111 0.000112 
0.000006 -0.000000 0.000000 -0.000000 -0.000000 0.000002 0.000002 -0.000000 0.000006 0.000000 0.000000 0.000000 -0.000003 -0.000002 0.000000 0.000000 0.000022 -0.000000 0.000001 0.000003 0.000005 -0.000000 0.000000 -0.000000 0.000007 0.000001 -0.000008 -0.000007 -0.000000 0.000000 0.000001 0.000001 0.000008 -0.000011 -0.000010 0.000002 -0.000003 0.000003 -0.000008 -0.000011 0.000117 0.000104 0.000002 -0.000002 0.000005 -0.000007 -0.000010 0.000104 0.000105 
0.000006 -0.000000 0.000000 -0.000000 -0.000000 0.000001 0.000001 -0.000000 0.000006 0.000000 0.000000 0.000000 -0.000002 -0.000002 0.000000 0.000000 0.000020 -0.000000 0.000001 0.000004 0.000006 -0.000000 0.000000 -0.000000 0.000006 0.000001 -0.000007 -0.000006 -0.000000 0.000000 0.000001 0.000001 0.000007 -0.000010 -0.000009 0.000001 -0.000002 0.000004 -0.000007 -0.000010 0.000109 0.000097 0.000001 -0.000002 0.000006 -0.000006 -0.000009 0.000097 0.000099 
0.000005 -0.000000 0.000000 -0.000000 -0.000000 0.000001 0.000001 -0.000000 0.000005 0.000000 0.000000 0.000000 -0.000002 -0.000002 0.000000 0.000000 0.000018 -0.000000 0.000000 0.000005 0.000007 -0.000000 0.000000 -0.000000 0.000006 0.000001 -0.000006 -0.000005 -0.000000 0.000000 0.000000 0.000001 0.000007 -0.000009 -0.000008 0.000001 -0.000002 0.000005 -0.000006 -0.000009 0.000103 0.000093 0.000001 -0.000002 0.000007 -0.000005 -0.000008 0.000093 0.000094 
0.000005 0.000000 -0.000000 -0.000000 -0.000000 0.000001 0.000001 0.000000 0.000005 0.000000 0.000000 0.000000 -0.000002 -0.000002 -0.000000 0.000000 0.000016 -0.000000 0.000000 0.000006 0.000007 -0.000000 0.000000 -0.000000 0.000006 0.000001 -0.000005 -0.000004 -0.000000 0.000000 0.000000 0.000001 0.000006 -0.000008 -0.000007 0.000001 -0.000002 0.000006 -0.000005 -0.000008 0.000100 0.000090 0.000001 -0.000002 0.000007 -0.000004 -0.000007 0.000090 0.000091 
0.000005 0.000000 -0.000000 0.000000 -0.000000 0.000001 0.000000 0.000000 0.000005 0.000000 0.000000 0.000000 -0.000002 -0.000002 -0.000000 0.000000 0.000015 -0.000000 0.000000 0.000008 0.000008 0.000000 0.000000 -0.000000 0.000005 0.000000 -0.000004 -0.000003 -0.000000 0.000000 0.000000 0.000000 0.000006 -0.000007 -0.000006 0.000001 -0.000002 0.000008 -0.000004 -0.000007 0.000098 0.000089 0.000000 -0.000002 0.000008 -0.000003 -0.000006 0.000089 0.000091 
0.000005 0.000000 -0.000000 0.000000 -0.000000 0.000000 0.000000 0.000000 0.000005 -0.000000 0.000000 0.000000 -0.000002 -0.000002 -0.000000 -0.000000 0.000014 -0.000000 0.000000 0.000009 0.000009 0.000000 0.000000 -0.000000 0.000005 0.000000 -0.000003 -0.000003 -0.000000 0.000000 0.000000 0.000000 0.000006 -0.000006 -0.000005 0.000000 -0.000002 0.000009 -0.000003 -0.000006 0.000098 0.000090 0.000000 -0.000002 0.000009 -0.000003 -0.000005 0.000090 0.000092 
0.000005 0.000000 -0.000000 0.000000 -0.000000 0.000000 0.000000 0.000000 0.000005 -0.000000 0.000000 0.000000 -0.000002 -0.000002 -0.000000 -0.000000 0.000014 -0.000000 -0.000000 0.000010 0.000011 0.000000 0.000000 -0.000000 0.000005 0.000000 -0.000002 -0.000002 -0.000000 0.000000 -0.000000 0.000000 0.000005 -0.000005 -0.000005 0.000000 -0.000002 0.000010 -0.000002 -0.000005 0.000100 0.000092 0.000000 -0.000002 0.000011 -0.000002 -0.000005 0.000092 0.000094 
0.000005 0.000000 -0.000000 0.000000 -0.000000 -0.000000 -0.000000 0.000000 0.000005 -0.000000 0.000000 0.000000 -0.000002 -0.000002 -0.000000 -0.000000 0.000013 -0.000000 -0.000000 0.000011 0.000012 0.000000 0.000000 -0.000000 0.000005 0.000000 -0.000002 -0.000001 -0.000000 0.000000 -0.000000 0.000000 0.000005 -0.000004 -0.000004 -0.000000 -0.000002 0.000011 -0.000002 -0.000004 0.000104 0.000096 -0.000000 -0.000002 0.000012 -0.000001 -0.000004 0.000096 0.000098 
0.000005 0.000000 -0.000000 0.000000 -0.000000 -0.000000 -0.000000 0.000000 0.000005 -0.000000 0.000000 0.000000 -0.000002 -0.000002 -0.000000 -0.000000 0.000013 -0.000000 -0.000000 0.000012 0.000012 0.000000 0.000000 -0.000000 0.000005 0.000000 -0.000001 -0.000001 -0.000000 0.000000 -0.000000 0.000000 0.000005 -0.000004 -0.000003 -0.000000 -0.000002 0.000012 -0.000001 -0.000004 0.000108 0.000100 -0.000000 -0.000002 0.000012 -0.000001 -0.000003 0.000100 0.000103 
0.000005 0.000000 -0.000000 0.000000 -0.000000 -0.000000 -0.000000 0.000000 0.000005 -0.000000 0.000000 0.000000 -0.000002 -0.000002 -0.000000 -0.000000 0.000013 -0.000000 -0.000000 0.000013 0.000013 0.000000 0.000000 -0.000000 0.000005 0.000000 0.000000 0.000000 -0.000000 0.000000 -0.000000 0.000000 0.000005 -0.000003 -0.000003 -0.000000 -0.000002 0.000013 0.000000 -0.000003 0.000114 0.000106 -0.000000 -0.000002 0.000013 0.000000 -0.000003 0.000106 0.000108 
0.000005 0.000000 -0.000000 0.000000 -0.000000 -0.000000 -0.000000 0.000000 0.000005 -0.000000 0.000000 0.000000 -0.000002 -0.000002 -0.000000 -0.000000 0.000013 -0.000000 -0.000000 0.000013 0.000013 0.000000 0.000000 -0.000000 0.000005 0.000000 0.000001 0.000001 -0.000000 0.000000 -0.000000 0.000000 0.000005 -0.000002 -0.000002 -0.000000 -0.000002 0.000013 0.000001 -0.000002 0.000121 0.000113 -0.000000 -0.000002 0.000013 0.000001 -0.000002 0.000113 0.000115 
0.000005 0.000000 -0.000000 0.000000 -0.000000 -0.000000 -0.000000 0.000000 0.000005 -0.000000 0.000000 -0.000000 -0.000002 -0.000002 -0.000000 -0.000000 0.000013 -0.000000 -0.000000 0.000013 0.000014 0.000000 0.000000 -0.000000 0.000005 0.000000 0.000002 0.000002 -0.000000 -0.000000 -0.000000 0.000000 0.000005 -0.000001 -0.000001 -0.000000 -0.000002 0.000013 0.000002 -0.000001 0.000131 0.000123 -0.000000 -0.000002 0.000014 0.000002 -0.000001 0.000123 0.000125 
0.000005 0.000000 -0.000000 0.000000 -0.000000 -0.000000 0.000000 0.000000 0.000005 -0.000000 0.000000 -0.000000 -0.000002 -0.000002 -0.000000 -0.000000 0.000014 -0.000000 -0.000000 0.000013 0.000014 0.000000 0.000000 -0.000000 0.000005 0.000000 0.000004 0.000004 -0.000000 -0.000000 -0.000000 0.000000 0.000005 -0.000000 -0.000000 -0.000000 -0.000002 0.000013 0.000004 -0.000000 0.000144 0.000136 0.000000 -0.000002 0.000014 0.000004 -0.000000 0.000136 0.000137 
0.000005 0.000000 -0.000000 0.000000 0.000000 0.000000 0.000000 0.000000 0.000005 0.000000 0.000000 -0.000000 -0.000002 -0.000002 -0.000000 0.000000 0.000014 -0.000000 -0.000000 0.000013 0.000013 0.000000 0.000000 -0.000000 0.000005 0.000000 0.000007 0.000007 0.000000 -0.000000 -0.000000 0.000000 0.000005 0.000001 0.000001 0.000000 -0.000002 0.000013 0.000007 0.000001 0.000163 0.000155 0.000000 -0.000002 0.000013 0.000007 0.000001 0.000155 0.000156 
0.000005 0.000000 -0.000000 0.000000 0.000000 0.000001 0.000001 0.000000 0.000004 0.000000 -0.000000 -0.000000 -0.000002 -0.000002 -0.000000 0.000000 0.000016 -0.000000 -0.000000 0.000013 0.000013 0.000000 -0.000000 -0.000000 0.000006 0.000000 0.000010 0.000010 0.000000 -0.000000 -0.000000 0.000000 0.000005 0.000004 0.000003 0.000001 -0.000002 0.000013 0.000010 0.000004 0.000190 0.000181 0.000001 -0.000002 0.000013 0.000010 0.000003 0.000181 0.000182 
0.000004 0.000000 0.000000 0.000000 0.000000 0.000001 0.000001 0.000000 0.000004 0.000000 -0.000000 -0.000000 -0.000002 -0.000002 0.000000 0.000000 0.000017 -0.000000 -0.000000 0.000012 0.000013 0.000000 -0.000000 -0.000000 0.000006 0.000001 0.000014 0.000014 0.000000 -0.000000 -0.000000 0.000001 0.000005 0.000006 0.000006 0.000001 -0.000002 0.000012 0.000014 0.000006 0.000228 0.000219 0.000001 -0.000002 0.000013 0.000014 0.000006 0.000219 0.000219 
0.000005 0.000000 0.000000 0.000000 0.000000 0.000002 0.000002 0.000000 0.000005 0.000001 -0.000000 -0.000000 -0.000002 -0.000002 0.000000 0.000001 0.000020 -0.000000 -0.000000 0.000012 0.000013 0.000000 -0.000000 -0.000000 0.000006 0.000001 0.000020 0.000019 0.000000 -0.000000 -0.000000 0.000001 0.000005 0.000010 0.000009 0.000002 -0.000002 0.000012 0.000020 0.000010 0.000278 0.000268 0.000002 -0.000002 0.000013 0.000019 0.000009 0.000268 0.000267 
0.000005 0.000000 0.000000 0.000000 0.000000 0.000003 0.000003 0.000000 0.000005 0.000001 -0.000000 -0.000000 -0.000002 -0.000002 0.000000 0.000001 0.000023 -0.000000 -0.000000 0.000013 0.000013 0.000000 -0.000000 -0.000000 0.000007 0.000001 0.000026 0.000026 0.000000 -0.000000 -0.000000 0.000001 0.000005 0.000013 0.000013 0.000003 -0.000002 0.000013 0.000026 0.000013 0.000342 0.000330 0.000003 -0.000002 0.000013 0.000026 0.000013 0.000330 0.000328 
0.000005 0.000000 0.000001 0.000000 0.000000 0.000004 0.000004 0.000000 0.000005 0.000001 -0.000000 -0.000000 -0.000002 -0.000002 0.000001 0.000001 0.000027 -0.000000 -0.000000 0.000013 0.000014 0.000000 -0.000000 -0.000000 0.000008 0.000002 0.000034 0.000033 0.000000 -0.000000 -0.000000 0.000002 0.000006 0.000018 0.000017 0.000004 -0.000002 0.000013 0.000034 0.000018 0.000416 0.000402 0.000004 -0.000002 0.000014 0.000033 0.000017 0.000402 0.000399 
0.000006 0.000000 0.000001 0.000000 0.000000 0.000005 0.000005 0.000000 0.000006 0.000001 -0.000000 -0.000000 -0.000002 -0.000002 0.000001 0.000001 0.000032 -0.000001 -0.000000 0.000014 0.000015 0.000000 -0.000000 -0.000001 0.000009 0.000002 0.000042 0.000041 0.000000 -0.000000 -0.000000 0.000002 0.000007 0.000022 0.000022 0.000005 -0.000002 0.000014 0.000042 0.000022 0.000499 0.000483 0.000005 -0.000002 0.000015 0.000041 0.000022 0.000483 0.000478 
0.000006 0.000000 0.000001 0.000001 0.000000 0.000006 0.000006 0.000000 0.000006 0.000002 -0.000000 -0.000000 -0.000003 -0.000003 0.000001 0.000002 0.000037 -0.000001 -0.000000 0.000015 0.000017 0.000001 -0.000000 -0.000001 0.000011 0.000002 0.000050 0.000048 0.000000 -0.000000 -0.000000 0.000002 0.000007 0.000027 0.000026 0.000006 -0.000003 0.000015 0.000050 0.000027 0.000584 0.000566 0.000006 -0.000003 0.000017 0.000048 0.000026 0.000566 0.000560 
0.000007 0.000000 0.000001 0.000001 0.000000 0.000007 0.000007 0.000000 0.000007 0.000002 -0.000000 -0.000000 -0.000003 -0.000003 0.000001 0.000002 0.000042 -0.000001 -0.000000 0.000017 0.000019 0.000001 -0.000000 -0.000001 0.000012 0.000003 0.000057 0.000056 0.000000 -0.000000 -0.000000 0.000003 0.000008 0.000031 0.000031 0.000007 -0.000003 0.000017 0.000057 0.000031 0.000667 0.000647 0.000007 -0.000003 0.000019 0.000056 0.000031 0.000647 0.000640 
0.000007 0.000000 0.000001 0.000001 0.000000 0.000008 0.000008 0.000000 0.000007 0.000002 -0.000000 -0.000000 -0.000003 -0.000003 0.000001 0.000002 0.000047 -0.000001 -0.000000 0.000018 0.000020 0.000001 -0.000000 -0.000001 0.000013 0.000003 0.000064 0.000063 0.000000 -0.000000 -0.000000 0.000003 0.000009 0.000035 0.000034 0.000008 -0.000003 0.000018 0.000064 0.000035 0.000744 0.000722 0.000008 -0.000003 0.000020 0.000063 0.000034 0.000722 0.000714 
0.000008 0.000000 0.000001 0.000001 0.000000 0.000009 0.000009 0.000000 0.000008 0.000002 -0.000000 -0.000000 -0.000004 -0.000003 0.000001 0.000002 0.000051 -0.000001 -0.000000 0.000020 0.000022 0.000001 -0.000000 -0.000001 0.000015 0.000004 0.000070 0.000069 0.000000 -0.000000 -0.000000 0.000004 0.000010 0.000039 0.000038 0.000009 -0.000004 0.000020 0.000070 0.000039 0.000812 0.000787 0.000009 -0.000003 0.000022 0.000069 0.000038 0.000787 0.000779 
0.000009 0.000000 0.000001 0.000001 0.000000 0.000010 0.000010 0.000000 0.000009 0.000002 -0.000000 -0.000000 -0.000004 -0.000004 0.000001 0.000002 0.000054 -0.000001 -0.000000 0.000021 0.000023 0.000001 -0.000000 -0.000001 0.000015 0.000004 0.000075 0.000074 0.000000 -0.000000 -0.000000 0.000004 0.000010 0.000041 0.000040 0.000010 -0.000004 0.000021 0.000075 0.000041 0.000869 0.000843 0.000010 -0.000004 0.000023 0.000074 0.000040 0.000843 0.000834 
0.000009 0.000000 0.000001 0.000001 0.000000 0.000010 0.000010 0.000000 0.000009 0.000003 -0.000000 -0.000000 -0.000004 -0.000004 0.000001 0.000003 0.000057 -0.000001 -0.000000 0.000022 0.000024 0.000001 -0.000000 -0.000001 0.000016 0.000004 0.000079 0.000078 0.000000 -0.000000 -0.000000 0.000004 0.000011 0.000044 0.000043 0.000010 -0.000004 0.000022 0.000079 0.000044 0.000915 0.000887 0.000010 -0.000004 0.000024 0.000078 0.000043 0.000887 0.000878 
0.000009 0.000000 0.000002 0.000001 0.000000 0.000011 0.000011 0.000000 0.000009 0.000003 -0.000000 -0.000000 -0.000004 -0.000004 0.000002 0.000003 0.000059 -0.000001 -0.000000 0.000023 0.000025 0.000001 -0.000000 -0.000001 0.000017 0.000004 0.000083 0.000081 0.000000 -0.000000 -0.000000 0.000004 0.000011 0.000045 0.000044 0.000011 -0.000004 0.000023 0.000083 0.000045 0.000951 0.000922 0.000011 -0.000004 0.000025 0.000081 0.000044 0.000922 0.000913 
0.000010 0.000000 0.000002 0.000001 0.000000 0.000011 0.000011 0.000000 0.000010 0.000003 -0.000001 -0.000000 -0.000004 -0.000004 0.000002 0.000003 0.000061 -0.000001 -0.000000 0.000023 0.000026 0.000001 -0.000001 -0.000001 0.000017 0.000004 0.000085 0.000083 0.000000 -0.000000 -0.000000 0.000004 0.000012 0.000047 0.000046 0.000011 -0.000004 0.000023 0.000085 0.000047 0.000979 0.000949 0.000011 -0.000004 0.000026 0.000083 0.000046 0.000949 0.000939 
0.000010 0.000000 0.000002 0.000001 0.000001 0.000011 0.000011 0.000000 0.000010 0.000003 -0.000001 -0.000000 -0.000004 -0.000004 0.000002 0.000003 0.000062 -0.000001 -0.000000 0.000024 0.000027 0.000001 -0.000001 -0.000001 0.000018 0.000004 0.000087 0.000085 0.000001 -0.000000 -0.000000 0.000004 0.000012 0.000048 0.000047 0.000011 -0.000004 0.000024 0.000087 0.000048 0.001000 0.000969 0.000011 -0.000004 0.000027 0.000085 0.000047 0.000969 0.000959 
0.000010 0.000000 0.000002 0.000001 0.000001 0.000011 0.000011 0.000000 0.000010 0.000003 -0.000001 -0.000000 -0.000005 -0.000004 0.000002 0.000003 0.000063 -0.000001 -0.000000 0.000024 0.000027 0.000001 -0.000001 -0.000001 0.000018 0.000004 0.000088 0.000086 0.000001 -0.000000 -0.000000 0.000004 0.000012 0.000048 0.000047 0.000011 -0.000005 0.000024 0.000088 0.000048 0.001015 0.000984 0.000011 -0.000004 0.000027 0.000086 0.000047 0.000984 0.000974 
0.000010 0.000000 0.000002 0.000001 0.000001 0.000012 0.000011 0.000000 0.000010 0.000003 -0.000001 -0.000000 -0.000005 -0.000004 0.000002 0.000003 0.000064 -0.000001 -0.000000 0.000024 0.000027 0.000001 -0.000001 -0.000001 0.000018 0.000004 0.000089 0.000087 0.000001 -0.000000 -0.000000 0.000004 0.000012 0.000049 0.000048 0.000012 -0.000005 0.000024 0.000089 0.000049 0.001026 0.000995 0.000011 -0.000004 0.000027 0.000087 0.000048 0.000995 0.000984 
0.000010 0.000000 0.000002 0.000001 0.000001 0.000012 0.000011 0.000000 0.000010 0.000003 -0.000001 -0.000000 -0.000005 -0.000004 0.000002 0.000003 0.000064 -0.000001 -0.000000 0.000025 0.000028 0.000001 -0.000001 -0.000001 0.000018 0.000004 0.000090 0.000088 0.000001 -0.000000 -0.000000 0.000004 0.000012 0.000049 0.000048 0.000012 -0.000005 0.000025 0.000090 0.000049 0.001034 0.001003 0.000011 -0.000004 0.000028 0.000088 0.000048 0.001003 0.000992 
0.000010 0.000000 0.000002 0.000001 0.000001 0.000012 0.000012 0.000000 0.000010 0.000003 -0.000001 -0.000000 -0.000005 -0.000004 0.000002 0.000003 0.000065 -0.000001 -0.000000 0.000025 0.000028 0.000001 -0.000001 -0.000001 0.000018 0.000005 0.000090 0.000088 0.000001 -0.000000 -0.000000 0.000005 0.000012 0.000050 0.000049 0.000012 -0.000005 0.000025 0.000090 0.000050 0.001040 0.001008 0.000012 -0.000004 0.000028 0.000088 0.000049 0.001008 0.000997 
0.000010 0.000000 0.000002 0.000001 0.000001 0.000012 0.000012 0.000000 0.000010 0.000003 -0.000001 -0.000000 -0.000005 -0.000004 0.000002 0.000003 0.000065 -0.000001 -0.000000 0.000025 0.000028 0.000001 -0.000001 -0.000001 0.000019 0.000005 0.000091 0.000089 0.000001 -0.000000 -0.000000 0.000005 0.000012 0.000050 0.000049 0.000012 -0.000005 0.000025 0.000091 0.000050 0.001043 0.001012 0.000012 -0.000004 0.000028 0.000089 0.000049 0.001012 0.001001 
0.000010 0.000000 0.000002 0.000001 0.000001 0.000012 0.000012 0.000000 0.000010 0.000003 -0.000001 -0.000000 -0.000005 -0.000004 0.000002 0.000003 0.000065 -0.000001 -0.000000 0.000025 0.000028 0.000001 -0.000001 -0.000001 0.000019 0.000005 0.000091 0.000089 0.000001 -0.000000 -0.000000 0.000005 0.000013 0.000050 0.000049 0.000012 -0.000005 0.000025 0.000091 0.000050 0.001046 0.001014 0.000012 -0.000004 0.000028 0.000089 0.000049 0.001014 0.001004 
0.000010 0.000000 0.000002 0.000001 0.000001 0.000012 0.000012 0.000000 0.000010 0.000003 -0.000001 -0.000000 -0.000005 -0.000004 0.000002 0.000003 0.000065 -0.000001 -0.000000 0.000025 0.000028 0.000001 -0.000001 -0.000001 0.000019 0.000005 0.000091 0.000089 0.000001 -0.000000 -0.000000 0.000005 0.000013 0.000050 0.000049 0.000012 -0.000005 0.000025 0.000091 0.000050 0.001048 0.001016 0.000012 -0.000004 0.000028 0.000089 0.000049 0.001016 0.001005 
0.000010 0.000000 0.000002 0.000001 0.000001 0.000012 0.000012 0.000000 0.000010 0.000003 -0.000001 -0.000000 -0.000005 -0.000004 0.000002 0.000003 0.000065 -0.000001 -0.000000 0.000025 0.000028 0.000001 -0.000001 -0.000001 0.000019 0.000005 0.000091 0.000089 0.000001 -0.000000 -0.000000 0.000005 0.000013 0.000050 0.000049 0.000012 -0.000005 0.000025 0.000091 0.000050 0.001049 0.001017 0.000012 -0.000004 0.000028 0.000089 0.000049 0.001017 0.001007 
0.000010 0.000000 0.000002 0.000001 0.000001 0.000012 0.000012 0.000000 0.000010 0.000003 -0.000001 -0.000000 -0.000005 -0.000004 0.000002 0.000003 0.000065 -0.000001 -0.000000 0.000025 0.000028 0.000001 -0.000001 -0.000001 0.000019 0.000005 0.000091 0.000089 0.000001 -0.000000 -0.000000 0.000005 0.000013 0.000050 0.000049 0.000012 -0.000005 0.000025 0.000091 0.000050 0.001050 0.001018 0.000012 -0.000004 0.000028 0.000089 0.000049 0.001018 0.001007 
0.000010 0.000000 0.000002 0.000001 0.000001 0.000012 0.000012 0.000000 0.000010 0.000003 -0.000001 -0.000000 -0.000005 -0.000004 0.000002 0.000003 0.000065 -0.000001 -0.000000 0.000025 0.000028 0.000001 -0.000001 -0.000001 0.000019 0.000005 0.000091 0.000089 0.000001 -0.000000 -0.000000 0.000005 0.000013 0.000050 0.000049 0.000012 -0.000005 0.000025 0.000091 0.000050 0.001051 0.001019 0.000012 -0.000004 0.000028 0.000089 0.000049 0.001019 0.001008 
0.000010 0.000000 0.000002 0.000001 0.000001 0.000012 0.000012 0.000000 0.000010 0.000003 -0.000001 -0.000000 -0.000005 -0.000004 0.000002 0.000003 0.000065 -0.000001 -0.000000 0.000025 0.000028 0.000001 -0.000001 -0.000001 0.000019 0.000005 0.000091 0.000089 0.000001 -0.000000 -0.000000 0.000005 0.000013 0.000050 0.000049 0.000012 -0.000005 0.000025 0.000091 0.000050 0.001051 0.001019 0.000012 -0.000004 0.000028 0.000089 0.000049 0.001019 0.001008 
0.000010 0.000000 0.000002 0.000001 0.000001 0.000012 0.000012 0.000000 0.000010 0.000003 -0.000001 -0.000000 -0.000005 -0.000004 0.000002 0.000003 0.000065 -0.000001 -0.000000 0.000025 0.000028 0.000001 -0.000001 -0.000001 0.000019 0.000005 0.000091 0.000089 0.000001 -0.000000 -0.000000 0.000005 0.000013 0.000050 0.000049 0.000012 -0.000005 0.000025 0.000091 0.000050 0.001051 0.001019 0.000012 -0.000004 0.000028 0.000089 0.000049 0.001019 0.001008 
0.000010 0.000000 0.000002 0.000001 0.000001 0.000012 0.000012 0.000000 0.000010 0.000003 -0.000001 -0.000000 -0.000005 -0.000004 0.000002 0.000003 0.000065 -0.000001 -0.000000 0.000025 0.000028 0.000001 -0.000001 -0.000001 0.000019 0.000005 0.000091 0.000089 0.000001 -0.000000 -0.000000 0.000005 0.000013 0.000050 0.000049 0.000012 -0.000005 0.000025 0.000091 0.000050 0.001051 0.001020 0.000012 -0.000004 0.000028 0.000089 0.000049 0.001020 0.001009 
0.000010 0.000000 0.000002 0.000001 0.000001 0.000012 0.000012 0.000000 0.000010 0.000003 -0.000001 -0.000000 -0.000005 -0.000004 0.000002 0.000003 0.000065 -0.000001 -0.000000 0.000025 0.000028 0.000001 -0.000001 -0.000001 0.000019 0.000005 0.000091 0.000089 0.000001 -0.000000 -0.000000 0.000005 0.000013 0.000050 0.000049 0.000012 -0.000005 0.000025 0.000091 0.000050 0.001051 0.001020 0.000012 -0.000004 0.000028 0.000089 0.000049 0.001020 0.001009 
0.000010 0.000000 0.000002 0.000001 0.000001 0.000012 0.000012 0.000000 0.000010 0.000003 -0.000001 -0.000000 -0.000005 -0.000004 0.000002 0.000003 0.000065 -0.000001 -0.000000 0.000025 0.000028 0.000001 -0.000001 -0.000001 0.000019 0.000005 0.000091 0.000089 0.000001 -0.000000 -0.000000 0.000005 0.000013 0.000050 0.000049 0.000012 -0.000005 0.000025 0.000091 0.000050 0.001052 0.001020 0.000012 -0.000004 0.000028 0.000089 0.000049 0.001020 0.001009 
0.000010 0.000000 0.000002 0.000001 0.000001 0.000012 0.000012 0.000000 0.000010 0.000003 -0.000001 -0.000000 -0.000005 -0.000004 0.000002 0.000003 0.000065 -0.000001 -0.000000 0.000025 0.000028 0.000001 -0.000001 -0.000001 0.000019 0.000005 0.000091 0.000089 0.000001 -0.000000 -0.000000 0.000005 0.000013 0.000050 0.000049 0.000012 -0.000005 0.000025 0.000091 0.000050 0.001052 0.001020 0.000012 -0.000004 0.000028 0.000089 0.000049 0.001020 0.001009 
0.000010 0.000000 0.000002 0.000001 0.000001 0.000012 0.000012 0.000000 0.000010 0.000003 -0.000001 -0.000000 -0.000005 -0.000004 0.000002 0.000003 0.000065 -0.000001 -0.000000 0.000025 0.000028 0.000001 -0.000001 -0.000001 0.000019 0.000005 0.000091 0.000089 0.000001 -0.000000 -0.000000 0.000005 0.000013 0.000050 0.000049 0.000012 -0.000005 0.000025 0.000091 0.000050 0.001052 0.001020 0.000012 -0.000004 0.000028 0.000089 0.000049 0.001020 0.001009 
0.000010 0.000000 0.000002 0.000001 0.000001 0.000012 0.000012 0.000000 0.000010 0.000003 -0.000001 -0.000000 -0.000005 -0.000004 0.000002 0.000003 0.000065 -0.000001 -0.000000 0.000025 0.000028 0.000001 -0.000001 -0.000001 0.000019 0.000005 0.000091 0.000089 0.000001 -0.000000 -0.000000 0.000005 0.000013 0.000050 0.000049 0.000012 -0.000005 0.000025 0.000091 0.000050 0.001052 0.001020 0.000012 -0.000004 0.000028 0.000089 0.000049 0.001020 0.001009 
